1617311614.174300,0
1617311614.292034,0
1617311614.402979,4
1617311614.513122,12
1617311614.641778,20
1617311614.754115,29
1617311614.863456,38
1617311614.971494,43
1617311615.082665,51
1617311615.192338,58
1617311615.300483,67
1617311615.410616,73
1617311615.535969,84
1617311615.692018,96
1617311615.802338,100
1617311615.927924,100
1617311616.060797,100
1617311616.173546,99
1617311616.281550,99
1617311616.407825,100
1617311616.541813,98
1617311616.686830,100
1617311616.800474,97
1617311616.907504,99
1617311617.025294,99
1617311617.159448,99
1617311617.271602,100
1617311617.381978,99
1617311617.494710,99
1617311617.604437,99
1617311617.714230,98
1617311617.825752,98
1617311617.954133,99
1617311618.084117,99
1617311618.194999,98
1617311618.334770,99
1617311618.445660,99
1617311618.561798,100
1617311618.691701,100
1617311618.798640,98
1617311618.911931,98
1617311619.048387,97
1617311619.181952,97
1617311619.294865,100
1617311619.404792,98
1617311619.513750,99
1617311619.631863,99
1617311619.740609,100
1617311619.848464,99
1617311619.956707,99
1617311620.066155,94
1617311620.178211,100
1617311620.294034,100
1617311620.426945,100
1617311620.537317,100
1617311620.644658,99
1617311620.764153,100
1617311620.910702,100
1617311621.025118,100
1617311621.141070,94
1617311621.270243,96
1617311621.385569,85
1617311621.492952,73
1617311621.602047,59
1617311621.711681,46
1617311621.863025,31
1617311621.993367,44
1617311622.117262,26
1617311622.226429,18
1617311622.345186,20
1617311622.459375,27
1617311622.571794,34
1617311622.692030,52
1617311622.810798,50
1617311622.920219,49
1617311623.028458,49
1617311623.140730,52
1617311623.250628,52
1617311623.362344,51
1617311623.470275,51
1617311623.596435,52
1617311623.754846,50
1617311623.865447,50
1617311624.016564,50
1617311624.166039,51
1617311624.278245,51
1617311624.401894,50
1617311624.521704,51
1617311624.628956,50
1617311624.740130,50
1617311624.856295,50
1617311624.964738,50
1617311625.072360,51
1617311625.182756,50
1617311625.290210,51
1617311625.396858,50
1617311625.549474,50
1617311625.662505,50
1617311625.770653,51
1617311625.877905,51
1617311625.990331,51
1617311626.133654,51
1617311626.245495,51
1617311626.360782,51
1617311626.520997,57
1617311626.634777,57
1617311626.743578,58
1617311626.850698,57
1617311627.009089,57
1617311627.116645,57
1617311627.263657,53
1617311627.401889,53
1617311627.515768,53
1617311627.623795,52
1617311627.743999,52
1617311627.864117,52
1617311627.981017,52
1617311628.095963,51
1617311628.218791,52
1617311628.362303,52
1617311628.475873,52
1617311628.604702,52
1617311628.732461,51
1617311628.847679,51
1617311628.995392,51
1617311629.128617,52
1617311629.241232,52
1617311629.351905,52
1617311629.465486,52
1617311629.598275,51
1617311629.713608,52
1617311629.825005,53
1617311629.940331,51
1617311630.054324,52
1617311630.170394,51
1617311630.310677,51
1617311630.421983,55
1617311630.531533,54
1617311630.642583,53
1617311630.751917,53
1617311630.863705,54
1617311630.976577,54
1617311631.084350,53
1617311631.193956,62
1617311631.302992,63
1617311631.413207,63
1617311631.523820,62
1617311631.646024,63
1617311631.754477,64
1617311631.867591,64
1617311631.979357,58
1617311632.112564,54
1617311632.244870,53
1617311632.354487,54
1617311632.462054,55
1617311632.573618,54
1617311632.692974,54
1617311632.801451,52
1617311632.909540,52
1617311633.037887,52
1617311633.147013,52
1617311633.305256,52
1617311633.438736,53
1617311633.550855,53
1617311633.669087,53
1617311633.788112,54
1617311633.907317,54
1617311634.027099,53
1617311634.142256,53
1617311634.259533,53
1617311634.379578,54
1617311634.494413,54
1617311634.606139,55
1617311634.718585,55
1617311634.832708,54
1617311634.946153,53
1617311635.073548,53
1617311635.182072,54
1617311635.311905,54
1617311635.426343,54
1617311635.535168,54
1617311635.644223,55
1617311635.754587,55
1617311635.863780,55
1617311635.970996,62
1617311636.077582,61
1617311636.192148,60
1617311636.299164,62
1617311636.407710,60
1617311636.543875,60
1617311636.653794,61
1617311636.762785,57
1617311636.907371,55
1617311637.026543,56
1617311637.135405,56
1617311637.243341,56
1617311637.374464,56
1617311637.513142,56
1617311637.621015,56
1617311637.753353,54
1617311637.889551,54
1617311637.998816,55
1617311638.111585,55
1617311638.228000,55
1617311638.342259,55
1617311638.455439,55
1617311638.569044,54
1617311638.678045,56
1617311638.788237,54
1617311638.897576,54
1617311639.005633,54
1617311639.129379,56
1617311639.249407,55
1617311639.379688,55
1617311639.493167,54
1617311639.632277,55
1617311639.748763,56
1617311639.858742,55
1617311639.991761,57
1617311640.100919,56
1617311640.209662,55
1617311640.330841,56
1617311640.441135,57
1617311640.550196,57
1617311640.663062,56
1617311640.789660,64
1617311640.899735,65
1617311641.009646,63
1617311641.122212,63
1617311641.233372,63
1617311641.371395,65
1617311641.484047,65
1617311641.594607,58
1617311641.706371,57
1617311641.821121,58
1617311641.948617,57
1617311642.084372,57
1617311642.243467,57
1617311642.356554,58
1617311642.469145,55
1617311642.583958,56
1617311642.707261,56
1617311642.866967,55
1617311642.975047,56
1617311643.086710,56
1617311643.195736,56
1617311643.304679,56
1617311643.414938,56
1617311643.522195,57
1617311643.652220,57
1617311643.769626,55
1617311643.881772,57
1617311644.004146,57
1617311644.120813,57
1617311644.234667,57
1617311644.459011,56
1617311644.582714,58
1617311644.699202,59
1617311644.822129,58
1617311644.958449,58
1617311645.085773,58
1617311645.196780,57
1617311645.387858,57
1617311645.537488,57
1617311645.714422,68
1617311645.826271,67
1617311645.939423,67
1617311646.052135,67
1617311646.167809,67
1617311646.282959,67
1617311646.422432,63
1617311646.552415,59
1617311646.664156,59
1617311646.807692,58
1617311646.922839,58
1617311647.031655,59
1617311647.140464,60
1617311647.249332,59
1617311647.366082,57
1617311647.517570,58
1617311647.643194,59
1617311647.751794,58
1617311647.862852,58
1617311648.002959,59
1617311648.115697,59
1617311648.222457,58
1617311648.329161,59
1617311648.483740,58
1617311648.596810,58
1617311648.708999,58
1617311648.818241,58
1617311648.927944,59
1617311649.037169,58
1617311649.156462,60
1617311649.269914,59
1617311649.395469,58
1617311649.503998,58
1617311649.612047,60
1617311649.723168,59
1617311649.834503,59
1617311649.945642,59
1617311650.056828,59
1617311650.169480,60
1617311650.280972,59
1617311650.393698,65
1617311650.506659,65
1617311650.621415,65
1617311650.732382,66
1617311650.842528,65
1617311650.961393,65
1617311651.091433,68
1617311651.224364,65
1617311651.334785,60
1617311651.454648,61
1617311651.584613,60
1617311651.698577,62
1617311651.831432,61
1617311651.965273,61
1617311652.084714,60
1617311652.239989,59
1617311652.361395,59
1617311652.528824,60
1617311652.641793,60
1617311652.795390,59
1617311652.919611,60
1617311653.029983,60
1617311653.141965,60
1617311653.255332,59
1617311653.368417,59
1617311653.482689,60
1617311653.594822,60
1617311653.703206,59
1617311653.812608,59
1617311653.924091,60
1617311654.076327,59
1617311654.231963,58
1617311654.347836,59
1617311654.485403,60
1617311654.593330,60
1617311654.700811,61
1617311654.827630,61
1617311654.984333,62
1617311655.097718,62
1617311655.217461,62
1617311655.345956,67
1617311655.492663,67
1617311655.602692,68
1617311655.712518,69
1617311655.845330,67
1617311655.983109,67
1617311656.098464,67
1617311656.269451,61
1617311656.376709,63
1617311656.485858,61
1617311656.599339,61
1617311656.712720,61
1617311656.829496,63
1617311656.951900,62
1617311657.083959,62
1617311657.203016,61
1617311657.309161,60
1617311657.446724,61
1617311657.567206,61
1617311657.682160,60
1617311657.792732,60
1617311657.906820,61
1617311658.022512,60
1617311658.137149,60
1617311658.247961,60
1617311658.358897,61
1617311658.504300,60
1617311658.619837,61
1617311658.782595,60
1617311658.893264,62
1617311659.004968,62
1617311659.119111,62
1617311659.258394,61
1617311659.374805,62
1617311659.491395,62
1617311659.604438,62
1617311659.750152,63
1617311659.857045,63
1617311659.984782,62
1617311660.104633,62
1617311660.225583,64
1617311660.333905,69
1617311660.473340,68
1617311660.584579,70
1617311660.711260,69
1617311660.830605,69
1617311660.941091,70
1617311661.050902,70
1617311661.162658,68
1617311661.275111,62
1617311661.385800,64
1617311661.506874,63
1617311661.622293,63
1617311661.734212,62
1617311661.855000,64
1617311661.966560,63
1617311662.109076,63
1617311662.226312,61
1617311662.337406,62
1617311662.447672,62
1617311662.570846,63
1617311662.680262,63
1617311662.824709,62
1617311662.948754,62
1617311663.073441,63
1617311663.183223,63
1617311663.316422,63
1617311663.432266,64
1617311663.546113,64
1617311663.659719,64
1617311663.815134,63
1617311663.923626,63
1617311664.038822,63
1617311664.157054,63
1617311664.336722,63
1617311664.460387,64
1617311664.581522,63
1617311664.707913,64
1617311664.821250,64
1617311664.936863,64
1617311665.056999,65
1617311665.177314,63
1617311665.296401,63
1617311665.418485,70
1617311665.546941,70
1617311665.654244,70
1617311665.763087,70
1617311665.871203,69
1617311665.980686,71
1617311666.091658,70
1617311666.233132,72
1617311666.348513,65
1617311666.457155,65
1617311666.589449,65
1617311666.703624,66
1617311666.824990,66
1617311666.968177,65
1617311667.076958,65
1617311667.185209,65
1617311667.295717,64
1617311667.405627,65
1617311667.525393,63
1617311667.642002,64
1617311667.752574,64
1617311667.862458,64
1617311667.968770,64
1617311668.081173,64
1617311668.211821,64
1617311668.328240,64
1617311668.439643,64
1617311668.551676,64
1617311668.661321,64
1617311668.771209,64
1617311668.899502,64
1617311669.012190,64
1617311669.120795,64
1617311669.236459,64
1617311669.347911,64
1617311669.485490,65
1617311669.602722,65
1617311669.721990,65
1617311669.866059,65
1617311669.976853,65
1617311670.087834,66
1617311670.227276,67
1617311670.337298,65
1617311670.460162,73
1617311670.594201,72
1617311670.706971,72
1617311670.815501,73
1617311670.928911,73
1617311671.054243,72
1617311671.171773,72
1617311671.290619,71
1617311671.405253,66
1617311671.542900,67
1617311671.662352,66
1617311671.773106,66
1617311671.882885,66
1617311671.990840,66
1617311672.131015,67
1617311672.238628,68
1617311672.353540,65
1617311672.461232,66
1617311672.569546,65
1617311672.678663,66
1617311672.785283,65
1617311672.899079,65
1617311673.010613,66
1617311673.142176,65
1617311673.251502,65
1617311673.359977,65
1617311673.473047,66
1617311673.583066,65
1617311673.702259,66
1617311673.816213,67
1617311673.932586,65
1617311674.066162,66
1617311674.178585,66
1617311674.326108,65
1617311674.437475,66
1617311674.576983,68
1617311674.693654,68
1617311674.805557,68
1617311674.914604,67
1617311675.058292,67
1617311675.198978,66
1617311675.314469,67
1617311675.431862,66
1617311675.573643,73
1617311675.700018,74
1617311675.814715,74
1617311675.922390,74
1617311676.031115,74
1617311676.149132,75
1617311676.315485,74
1617311676.427433,71
1617311676.536947,67
1617311676.651849,67
1617311676.771957,68
1617311676.892656,68
1617311677.001560,69
1617311677.110396,68
1617311677.267740,68
1617311677.385933,69
1617311677.497299,67
1617311677.609695,66
1617311677.718709,66
1617311677.848335,66
1617311677.967410,66
1617311678.093001,67
1617311678.242026,67
1617311678.369576,67
1617311678.481559,67
1617311678.632171,68
1617311678.795426,67
1617311678.902740,68
1617311679.040827,67
1617311679.161535,68
1617311679.277145,68
1617311679.427859,66
1617311679.541587,68
1617311679.672068,68
1617311679.803807,68
1617311679.911693,69
1617311680.072214,69
1617311680.182373,68
1617311680.299397,68
1617311680.435854,68
1617311680.551710,68
1617311680.678664,76
1617311680.810904,75
1617311680.917676,75
1617311681.079988,74
1617311681.186979,76
1617311681.305801,76
1617311681.434747,75
1617311681.542901,72
1617311681.650859,69
1617311681.783411,68
1617311681.918203,69
1617311682.026437,70
1617311682.141224,70
1617311682.278732,70
1617311682.401556,70
1617311682.507621,69
1617311682.624470,70
1617311682.738665,69
1617311682.877576,68
1617311683.009123,68
1617311683.126833,68
1617311683.236783,68
1617311683.382521,68
1617311683.492892,68
1617311683.618800,68
1617311683.728633,68
1617311683.853358,68
1617311683.987295,68
1617311684.099202,69
1617311684.229865,68
1617311684.341308,69
1617311684.489849,69
1617311684.605293,70
1617311684.714906,71
1617311684.827615,70
1617311684.934913,70
1617311685.041096,71
1617311685.150533,69
1617311685.259808,69
1617311685.367492,70
1617311685.477711,69
1617311685.584355,69
1617311685.693270,77
1617311685.804098,77
1617311685.913515,76
1617311686.019683,77
1617311686.129566,77
1617311686.237124,76
1617311686.344810,77
1617311686.452432,77
1617311686.582677,78
1617311686.693069,75
1617311686.804467,72
1617311686.914282,71
1617311687.022511,71
1617311687.171656,71
1617311687.281240,70
1617311687.390905,73
1617311687.499266,72
1617311687.605637,73
1617311687.755862,71
1617311687.866018,71
1617311688.014444,70
1617311688.156737,70
1617311688.279076,69
1617311688.429567,70
1617311688.564045,70
1617311688.673436,70
1617311688.793107,69
1617311688.965572,70
1617311689.073429,70
1617311689.208554,69
1617311689.354811,70
1617311689.535611,70
1617311689.677695,71
1617311689.790723,71
1617311689.905798,72
1617311690.025065,71
1617311690.134275,72
1617311690.282669,71
1617311690.403341,71
1617311690.513881,70
1617311690.681664,71
1617311690.815995,70
1617311690.946306,79
1617311691.054224,80
1617311691.167984,79
1617311691.302856,79
1617311691.417792,80
1617311691.588445,79
1617311691.717063,79
1617311691.859126,77
1617311691.970190,74
1617311692.095990,73
1617311692.247201,71
1617311692.354398,73
1617311692.530105,72
1617311692.673841,72
1617311692.781527,73
1617311692.907346,74
1617311693.065321,70
1617311693.176606,70
1617311693.290138,70
1617311693.419369,71
1617311693.582720,70
1617311693.735388,71
1617311693.854225,71
1617311693.962357,72
1617311694.121920,71
1617311694.251392,71
1617311694.396066,70
1617311694.505291,71
1617311694.614071,72
1617311694.730676,71
1617311694.852469,72
1617311694.988005,72
1617311695.110168,72
1617311695.222432,73
1617311695.333515,73
1617311695.446828,73
1617311695.562484,73
1617311695.676394,73
1617311695.787833,73
1617311695.900912,72
1617311696.011100,72
1617311696.159637,73
1617311696.268492,81
1617311696.383553,81
1617311696.522680,81
1617311696.641126,81
1617311696.756403,81
1617311696.867563,80
1617311697.002067,80
1617311697.108762,79
1617311697.234232,78
1617311697.369027,74
1617311697.483660,74
1617311697.601349,73
1617311697.713231,73
1617311697.824384,73
1617311697.944160,74
1617311698.053411,74
1617311698.190717,74
1617311698.306541,74
1617311698.426640,72
1617311698.533587,73
1617311698.639687,72
1617311698.769839,72
1617311698.880528,72
1617311698.989817,72
1617311699.134649,72
1617311699.287799,72
1617311699.412592,74
1617311699.530853,73
1617311699.636744,73
1617311699.766933,73
1617311699.913464,73
1617311700.033214,73
1617311700.149295,73
1617311700.276159,73
1617311700.398497,74
1617311700.539184,74
1617311700.672114,75
1617311700.814792,74
1617311700.926131,75
1617311701.056513,74
1617311701.185064,75
1617311701.305648,74
1617311701.445453,76
1617311701.612347,80
1617311701.753018,82
1617311701.861010,81
1617311701.975284,81
1617311702.096002,82
1617311702.205251,82
1617311702.317178,82
1617311702.435897,80
1617311702.570850,76
1617311702.677787,75
1617311702.821558,75
1617311702.966328,75
1617311703.077582,76
1617311703.197938,75
1617311703.348690,75
1617311703.496948,74
1617311703.605261,74
1617311703.738308,74
1617311703.866258,74
1617311703.989183,75
1617311704.098523,74
1617311704.210201,74
1617311704.321973,74
1617311704.436874,74
1617311704.545690,75
1617311704.657399,74
1617311704.780219,74
1617311704.892510,74
1617311705.001262,74
1617311705.113152,74
1617311705.238258,74
1617311705.401737,74
1617311705.529274,74
1617311705.657425,74
1617311705.766021,75
1617311705.888421,76
1617311706.003943,75
1617311706.122665,75
1617311706.255905,75
1617311706.371448,75
1617311706.482789,74
1617311706.594295,75
1617311706.708122,77
1617311706.835490,84
1617311706.944174,82
1617311707.051964,82
1617311707.181338,83
1617311707.336264,83
1617311707.444717,84
1617311707.565361,82
1617311707.682123,82
1617311707.794727,81
1617311707.902245,79
1617311708.074417,74
1617311708.219642,75
1617311708.329419,76
1617311708.467086,75
1617311708.599012,77
1617311708.736624,77
1617311708.868249,78
1617311708.982918,77
1617311709.089112,75
1617311709.220258,76
1617311709.371489,75
1617311709.484690,76
1617311709.652950,75
1617311709.764482,76
1617311709.877213,75
1617311709.985276,75
1617311710.094148,75
1617311710.227987,75
1617311710.352046,76
1617311710.465951,76
1617311710.592105,75
1617311710.735775,75
1617311710.849074,75
1617311711.034726,76
1617311711.153013,76
1617311711.284891,77
1617311711.437211,76
1617311711.551731,76
1617311711.696667,77
1617311711.812849,78
1617311711.937880,76
1617311712.049142,76
1617311712.161080,77
1617311712.278224,83
1617311712.394351,83
1617311712.507735,83
1617311712.623471,85
1617311712.782900,83
1617311712.935801,83
1617311713.048431,86
1617311713.184059,83
1617311713.296280,82
1617311713.411550,78
1617311713.521303,78
1617311713.634010,78
1617311713.800239,78
1617311713.908143,78
1617311714.015898,79
1617311714.185455,78
1617311714.304974,78
1617311714.417866,79
1617311714.537158,79
1617311714.672295,76
1617311714.805946,77
1617311714.934765,77
1617311715.059223,77
1617311715.171283,76
1617311715.280766,76
1617311715.397618,78
1617311715.525087,78
1617311715.634104,77
1617311715.742136,77
1617311715.853790,77
1617311715.974251,76
1617311716.081150,76
1617311716.198138,76
1617311716.308693,77
1617311716.420253,77
1617311716.533659,78
1617311716.640909,78
1617311716.748352,78
1617311716.876547,78
1617311716.993109,77
1617311717.099474,78
1617311717.206737,77
1617311717.333688,78
1617311717.447139,78
1617311717.556474,79
1617311717.669080,86
1617311717.781041,86
1617311717.888685,86
1617311717.999598,85
1617311718.118983,85
1617311718.244151,86
1617311718.353885,86
1617311718.466845,86
1617311718.608723,84
1617311718.721376,84
1617311718.830150,80
1617311718.999237,79
1617311719.151058,80
1617311719.276663,79
1617311719.394179,79
1617311719.525750,79
1617311719.652190,79
1617311719.765868,80
1617311719.891422,79
1617311720.000023,78
1617311720.134484,77
1617311720.265648,78
1617311720.392812,78
1617311720.499330,79
1617311720.617033,79
1617311720.734755,78
1617311720.852656,78
1617311721.031080,78
1617311721.194875,80
1617311721.316361,78
1617311721.446035,78
1617311721.561868,78
1617311721.673851,78
1617311721.790235,77
1617311721.906099,80
1617311722.024181,80
1617311722.141034,79
1617311722.249831,80
1617311722.357523,79
1617311722.494759,79
1617311722.621814,81
1617311722.763686,80
1617311722.871939,81
1617311723.005317,79
1617311723.154263,87
1617311723.287055,88
1617311723.413249,86
1617311723.522405,86
1617311723.660347,88
1617311723.780709,87
1617311723.887115,87
1617311724.033137,86
1617311724.164293,83
1617311724.271923,81
1617311724.418747,80
1617311724.542518,79
1617311724.648964,81
1617311724.773284,81
1617311724.887810,81
1617311725.006705,81
1617311725.115538,80
1617311725.230638,80
1617311725.369998,79
1617311725.489176,79
1617311725.598940,79
1617311725.710867,80
1617311725.823972,79
1617311725.970501,81
1617311726.114680,79
1617311726.232768,79
1617311726.367455,80
1617311726.522077,78
1617311726.629439,80
1617311726.747575,80
1617311726.888414,79
1617311726.999254,79
1617311727.108735,80
1617311727.318887,80
1617311727.447823,81
1617311727.555098,82
1617311727.698867,82
1617311727.838392,81
1617311727.963661,81
1617311728.073793,82
1617311728.193359,81
1617311728.312322,81
1617311728.444788,82
1617311728.557122,82
1617311728.691362,88
1617311728.801031,88
1617311728.915486,90
1617311729.066160,87
1617311729.182595,88
1617311729.293157,88
1617311729.400162,89
1617311729.511763,88
1617311729.619097,87
1617311729.737162,89
1617311729.856928,83
1617311729.996356,82
1617311730.148046,82
1617311730.292731,82
1617311730.419703,81
1617311730.585299,81
1617311730.706176,82
1617311730.826800,83
1617311730.954878,83
1617311731.062854,81
1617311731.173192,80
1617311731.302910,80
1617311731.448062,80
1617311731.561789,80
1617311731.714462,80
1617311731.835719,81
1617311731.959651,80
1617311732.070306,80
1617311732.178847,81
1617311732.290831,81
1617311732.400224,81
1617311732.530513,81
1617311732.637100,82
1617311732.750662,81
1617311732.928596,81
1617311733.040283,82
1617311733.147420,82
1617311733.258661,83
1617311733.373493,82
1617311733.490010,82
1617311733.606123,82
1617311733.737439,82
1617311733.843396,82
1617311733.965251,83
1617311734.084699,83
1617311734.215913,82
1617311734.356401,90
1617311734.485392,90
1617311734.595463,89
1617311734.770381,88
1617311734.886356,90
1617311735.001732,90
1617311735.114530,90
1617311735.227813,89
1617311735.338063,88
1617311735.454522,84
1617311735.568260,83
1617311735.688942,83
1617311735.800115,83
1617311735.908753,83
1617311736.020363,84
1617311736.129071,83
1617311736.243958,82
1617311736.354939,82
1617311736.465129,82
1617311736.574008,83
1617311736.689412,82
1617311736.809126,82
1617311736.917757,83
1617311737.029702,83
1617311737.140793,82
1617311737.277143,82
1617311737.390643,82
1617311737.497177,82
1617311737.636090,82
1617311737.747783,81
1617311737.864250,82
1617311737.993557,82
1617311738.102897,82
1617311738.217241,83
1617311738.323968,83
1617311738.429615,83
1617311738.538727,84
1617311738.645942,84
1617311738.765326,83
1617311738.873832,84
1617311738.981639,84
1617311739.091540,85
1617311739.198129,84
1617311739.304705,83
1617311739.414760,83
1617311739.521891,83
1617311739.629086,84
1617311739.801925,88
1617311739.930356,90
1617311740.040830,90
1617311740.149843,91
1617311740.256065,91
1617311740.386530,91
1617311740.495342,91
1617311740.641927,90
1617311740.751310,90
1617311740.863199,90
1617311740.974870,89
1617311741.095291,85
1617311741.206722,85
1617311741.316467,84
1617311741.426242,84
1617311741.548301,85
1617311741.732734,83
1617311741.842092,85
1617311741.964106,85
1617311742.073224,85
1617311742.183260,86
1617311742.294550,85
1617311742.408071,85
1617311742.517130,84
1617311742.628634,83
1617311742.740813,83
1617311742.850521,83
1617311742.961156,84
1617311743.069365,83
1617311743.203611,85
1617311743.314520,84
1617311743.456311,84
1617311743.566363,84
1617311743.675476,85
1617311743.803586,84
1617311743.914707,84
1617311744.031817,84
1617311744.142010,85
1617311744.252848,84
1617311744.362377,84
1617311744.471983,85
1617311744.582002,84
1617311744.711018,84
1617311744.819003,85
1617311744.952135,85
1617311745.062236,84
1617311745.172888,86
1617311745.287092,86
1617311745.396307,89
1617311745.527244,89
1617311745.641568,89
1617311745.750683,88
1617311745.863164,88
1617311746.000104,88
1617311746.113057,89
1617311746.221496,88
1617311746.377515,86
1617311746.489682,86
1617311746.598297,84
1617311746.706126,84
1617311746.815272,85
1617311746.927103,85
1617311747.034793,86
1617311747.142377,86
1617311747.252851,87
1617311747.362373,87
1617311747.470152,86
1617311747.579353,85
1617311747.686381,87
1617311747.793658,85
1617311747.904600,86
1617311748.013608,88
1617311748.125270,87
1617311748.235201,87
1617311748.342472,87
1617311748.453820,88
1617311748.563392,88
1617311748.672115,87
1617311748.781075,87
1617311748.888482,88
1617311748.996295,87
1617311749.105412,88
1617311749.224370,87
1617311749.331525,88
1617311749.449151,87
1617311749.563256,87
1617311749.671661,87
1617311749.779532,87
1617311749.888979,87
1617311750.004591,87
1617311750.112248,87
1617311750.224762,87
1617311750.347098,88
1617311750.455772,87
1617311750.563006,86
1617311750.685836,87
1617311750.792666,86
1617311750.900717,86
1617311751.011940,86
1617311751.119990,86
1617311751.232194,86
1617311751.373872,86
1617311751.484520,86
1617311751.594385,87
1617311751.733368,84
1617311751.853637,85
1617311751.961414,85
1617311752.072556,85
1617311752.182476,86
1617311752.291757,87
1617311752.403692,87
1617311752.512640,86
1617311752.621083,86
1617311752.730460,87
1617311752.838493,86
1617311752.945953,85
1617311753.056452,85
1617311753.163358,86
1617311753.272041,86
1617311753.386374,87
1617311753.494247,88
1617311753.603134,87
1617311753.725340,87
1617311753.856353,88
1617311753.968236,86
1617311754.098735,88
1617311754.210249,88
1617311754.322714,88
1617311754.432754,87
1617311754.554216,88
1617311754.663918,88
1617311754.775451,95
1617311754.885247,94
1617311754.994026,94
1617311755.100967,95
1617311755.207387,94
1617311755.345566,95
1617311755.511687,94
1617311755.619871,94
1617311755.729538,93
1617311755.837293,94
1617311755.946090,91
1617311756.056877,87
1617311756.164410,88
1617311756.271407,87
1617311756.381262,87
1617311756.493262,88
1617311756.601903,88
1617311756.710747,88
1617311756.819224,88
1617311756.927013,89
1617311757.040808,89
1617311757.147811,88
1617311757.255833,87
1617311757.366890,87
1617311757.538955,87
1617311757.646851,87
1617311757.758910,87
1617311757.880734,87
1617311757.996307,88
1617311758.106185,87
1617311758.217568,88
1617311758.330691,87
1617311758.441737,87
1617311758.569133,87
1617311758.676913,87
1617311758.784973,87
1617311758.919076,87
1617311759.026834,88
1617311759.135009,89
1617311759.241904,88
1617311759.350301,90
1617311759.461489,89
1617311759.569517,88
1617311759.679561,88
1617311759.788453,88
1617311759.897064,89
1617311760.005144,88
1617311760.122084,89
1617311760.262224,90
1617311760.371110,88
1617311760.478443,95
1617311760.604230,95
1617311760.712295,95
1617311760.820772,96
1617311760.926744,94
1617311761.038862,95
1617311761.145599,96
1617311761.252359,96
1617311761.399778,94
1617311761.512010,94
1617311761.619930,93
1617311761.728758,90
1617311761.841014,89
1617311761.948633,88
1617311762.057729,88
1617311762.167704,89
1617311762.275941,90
1617311762.421747,89
1617311762.533771,90
1617311762.642621,89
1617311762.788630,89
1617311762.898041,90
1617311763.005025,88
1617311763.113328,88
1617311763.219848,88
1617311763.342370,87
1617311763.451413,88
1617311763.565034,89
1617311763.675849,88
1617311763.786589,89
1617311763.912081,87
1617311764.065556,88
1617311764.186015,88
1617311764.334723,88
1617311764.444391,89
1617311764.582533,88
1617311764.697537,87
1617311764.806420,89
1617311764.918241,90
1617311765.025747,91
1617311765.132666,90
1617311765.248836,89
1617311765.360519,89
1617311765.487830,89
1617311765.595486,90
1617311765.704450,89
1617311765.811484,91
1617311765.919065,92
1617311766.029168,92
1617311766.135193,94
1617311766.266937,92
1617311766.376398,92
1617311766.484105,92
1617311766.591650,92
1617311766.702300,92
1617311766.810929,93
1617311766.917723,92
1617311767.024442,91
1617311767.145545,90
1617311767.253633,91
1617311767.363932,91
1617311767.472464,89
1617311767.579084,90
1617311767.689811,90
1617311767.797154,90
1617311767.905368,90
1617311768.012143,91
1617311768.121740,90
1617311768.271244,91
1617311768.382274,91
1617311768.493283,90
1617311768.603908,90
1617311768.726094,91
1617311768.835111,91
1617311768.947921,91
1617311769.060258,91
1617311769.169568,92
1617311769.328591,92
1617311769.440355,91
1617311769.574562,92
1617311769.717613,91
1617311769.826997,92
1617311769.934706,92
1617311770.041786,92
1617311770.149950,92
1617311770.257678,92
1617311770.366005,92
1617311770.480796,92
1617311770.588807,92
1617311770.699727,93
1617311770.813366,91
1617311770.922693,92
1617311771.032576,92
1617311771.141741,91
1617311771.253093,91
1617311771.368203,92
1617311771.479305,91
1617311771.612903,91
1617311771.723596,90
1617311771.832390,90
1617311771.939691,90
1617311772.059834,90
1617311772.169350,90
1617311772.283897,90
1617311772.397633,91
1617311772.507668,92
1617311772.618301,91
1617311772.730719,91
1617311772.847009,90
1617311772.968454,89
1617311773.080218,90
1617311773.196556,90
1617311773.311674,90
1617311773.427766,91
1617311773.542259,91
1617311773.655089,90
1617311773.762631,90
1617311773.877517,90
1617311773.984525,90
1617311774.102749,90
1617311774.243607,91
1617311774.401092,88
1617311774.516888,91
1617311774.625231,91
1617311774.751031,91
1617311774.873183,92
1617311774.981978,92
1617311775.091316,93
1617311775.202456,93
1617311775.335110,92
1617311775.442999,92
1617311775.564789,92
1617311775.741344,92
1617311775.853933,99
1617311775.968709,99
1617311776.091746,99
1617311776.211986,99
1617311776.323691,99
1617311776.486588,98
1617311776.611084,99
1617311776.719231,100
1617311776.894621,98
1617311777.009692,97
1617311777.134162,96
1617311777.257646,92
1617311777.470772,92
1617311777.581773,93
1617311777.690095,92
1617311777.798122,92
1617311777.914997,92
1617311778.058265,93
1617311778.169584,94
1617311778.277764,93
1617311778.388764,92
1617311778.507617,90
1617311778.621739,91
1617311778.734102,92
1617311778.849100,91
1617311779.022162,91
1617311779.131340,91
1617311779.239809,92
1617311779.357118,91
1617311779.486053,92
1617311779.596152,93
1617311779.734108,91
1617311779.860778,91
1617311779.972692,91
1617311780.106704,92
1617311780.214662,92
1617311780.368632,92
1617311780.488773,92
1617311780.624817,93
1617311780.738605,93
1617311780.847275,93
1617311780.961001,93
1617311781.078675,93
1617311781.195748,93
1617311781.319718,94
1617311781.434052,94
1617311781.547503,94
1617311781.655602,99
1617311781.766077,99
1617311781.876384,100
1617311781.984462,99
1617311782.125651,99
1617311782.237849,98
1617311782.344629,98
1617311782.457353,98
1617311782.567074,99
1617311782.705573,97
1617311782.815819,97
1617311782.952878,97
1617311783.091231,93
1617311783.225773,91
1617311783.341265,92
1617311783.450918,93
1617311783.561506,93
1617311783.678662,94
1617311783.789077,93
1617311783.901759,92
1617311784.012120,92
1617311784.126274,92
1617311784.252357,93
1617311784.381465,92
1617311784.514313,93
1617311784.625407,93
1617311784.765888,92
1617311784.902731,93
1617311785.009938,93
1617311785.149283,92
1617311785.262116,92
1617311785.376050,92
1617311785.503580,93
1617311785.611912,94
1617311785.718934,93
1617311785.827746,93
1617311785.934988,94
1617311786.045437,94
1617311786.152084,94
1617311786.261417,95
1617311786.370675,94
1617311786.488446,95
1617311786.602293,94
1617311786.713102,95
1617311786.820271,94
1617311786.947628,95
1617311787.062126,94
1617311787.171101,94
1617311787.282468,94
1617311787.396925,95
1617311787.505087,94
1617311787.642409,94
1617311787.753161,94
1617311787.873447,94
1617311787.984843,94
1617311788.098507,93
1617311788.215319,94
1617311788.324687,95
1617311788.475215,93
1617311788.585116,93
1617311788.694025,93
1617311788.823902,93
1617311788.936152,93
1617311789.043973,93
1617311789.154355,94
1617311789.313066,93
1617311789.421457,94
1617311789.529882,94
1617311789.664596,94
1617311789.839785,94
1617311789.948011,94
1617311790.093727,94
1617311790.203087,94
1617311790.319824,95
1617311790.426973,96
1617311790.556855,95
1617311790.665343,96
1617311790.773002,95
1617311790.900746,95
1617311791.052718,96
1617311791.161921,95
1617311791.271378,97
1617311791.396570,98
1617311791.507019,97
1617311791.615989,96
1617311791.725535,98
1617311791.836112,98
1617311791.944671,98
1617311792.052758,99
1617311792.196710,97
1617311792.308769,99
1617311792.418684,99
1617311792.554448,98
1617311792.673937,97
1617311792.785626,96
1617311792.895866,96
1617311793.006165,95
1617311793.116851,96
1617311793.228409,95
1617311793.336384,95
1617311793.444238,95
1617311793.552680,95
1617311793.660893,95
1617311793.771537,95
1617311793.916278,96
1617311794.046844,95
1617311794.158686,95
1617311794.268118,95
1617311794.386944,97
1617311794.497703,98
1617311794.605333,97
1617311794.713230,96
1617311794.855823,96
1617311794.966122,97
1617311795.076756,96
1617311795.227355,96
1617311795.339217,98
1617311795.448304,97
1617311795.591388,97
1617311795.699126,97
1617311795.810165,99
1617311795.923715,99
1617311796.067581,97
1617311796.179623,97
1617311796.294474,97
1617311796.428491,98
1617311796.540743,98
1617311796.650536,98
1617311796.765034,98
1617311796.881876,98
1617311796.992409,97
1617311797.099575,98
1617311797.212364,96
1617311797.356251,96
1617311797.474938,96
1617311797.583577,96
1617311797.694540,96
1617311797.841627,97
1617311797.956242,96
1617311798.118567,96
1617311798.227504,97
1617311798.366115,96
1617311798.474592,96
1617311798.610686,95
1617311798.728982,95
1617311798.837248,95
1617311798.949428,95
1617311799.060116,95
1617311799.169018,95
1617311799.276608,95
1617311799.384367,95
1617311799.522374,95
1617311799.663854,95
1617311799.781988,96
1617311799.894842,97
1617311800.003060,96
1617311800.109307,97
1617311800.217344,96
1617311800.324339,96
1617311800.433424,97
1617311800.541723,96
1617311800.653879,96
1617311800.764253,96
1617311800.882340,96
1617311800.992776,97
1617311801.101510,98
1617311801.210511,98
1617311801.318368,99
1617311801.427692,99
1617311801.558412,99
1617311801.672382,99
1617311801.779455,98
1617311801.888014,98
1617311802.023709,99
1617311802.136858,100
1617311802.244071,99
1617311802.385312,98
1617311802.521555,99
1617311802.631523,97
1617311802.741937,97
1617311802.884455,98
1617311802.995480,97
1617311803.116197,94
1617311803.224811,95
1617311803.334420,95
1617311803.486396,95
1617311803.598163,95
1617311803.727076,95
1617311803.858531,95
1617311803.970186,95
1617311804.081106,96
1617311804.190579,97
1617311804.320030,96
1617311804.430101,95
1617311804.536889,93
1617311804.647822,86
1617311804.755537,77
1617311804.893177,67
1617311805.003846,59
1617311805.115003,51
1617311805.232003,46
1617311805.338704,47
1617311805.449442,46
1617311805.557694,47
1617311805.666376,47
1617311805.779992,47
1617311805.887366,46
1617311805.996376,47
1617311806.105807,47
1617311806.237766,47
1617311806.347534,48
1617311806.456740,48
1617311806.567727,48
1617311806.674622,49
1617311806.783460,49
1617311806.897407,49
1617311807.004578,48
1617311807.113289,50
1617311807.220022,48
1617311807.327626,48
1617311807.437322,50
1617311807.544295,50
1617311807.651514,50
1617311807.760301,51
1617311807.868514,50
1617311807.976573,50
1617311808.086722,50
1617311808.194789,49
1617311808.301899,50
1617311808.417947,51
1617311808.547798,51
1617311808.669267,50
1617311808.779380,50
1617311808.897392,48
1617311809.017167,50
1617311809.128575,49
1617311809.236736,49
1617311809.357851,49
1617311809.477965,50
1617311809.586924,48
1617311809.695575,47
1617311809.806470,47
1617311809.915457,49
1617311810.028230,49
1617311810.138246,49
1617311810.246953,48
1617311810.353855,48
1617311810.470416,49
1617311810.577630,49
1617311810.689409,48
1617311810.798382,48
1617311810.906453,48
1617311811.041127,49
1617311811.173448,49
1617311811.290351,49
1617311811.399219,48
1617311811.511479,48
1617311811.624209,48
1617311811.740042,49
1617311811.853604,49
1617311811.968590,50
1617311812.113767,50
1617311812.228279,49
1617311812.337981,49
1617311812.445594,50
1617311812.555083,50
1617311812.663363,56
1617311812.769613,56
1617311812.875686,56
1617311812.985127,56
1617311813.091583,56
1617311813.199031,56
1617311813.339745,56
1617311813.453431,49
1617311813.562880,51
1617311813.691873,51
1617311813.831899,51
1617311813.984655,51
1617311814.093049,52
1617311814.200228,51
1617311814.339858,50
1617311814.452226,50
1617311814.560440,50
1617311814.667904,50
1617311814.779030,50
1617311814.887136,50
1617311814.993704,51
1617311815.149160,50
1617311815.257342,50
1617311815.365618,50
1617311815.527780,50
1617311815.669395,50
1617311815.787952,50
1617311815.898059,50
1617311816.004277,51
1617311816.114958,51
1617311816.221838,50
1617311816.332072,49
1617311816.440347,51
1617311816.547178,51
1617311816.655853,52
1617311816.765592,53
1617311816.874277,52
1617311816.981554,52
1617311817.090927,53
1617311817.217089,52
1617311817.328323,59
1617311817.441047,58
1617311817.568192,58
1617311817.702861,58
1617311817.812199,58
1617311817.923357,59
1617311818.073548,54
1617311818.185974,53
1617311818.316839,53
1617311818.427885,52
1617311818.540211,53
1617311818.680355,53
1617311818.798700,53
1617311818.964738,51
1617311819.084582,50
1617311819.196287,51
1617311819.314831,51
1617311819.429433,51
1617311819.544596,52
1617311819.662726,51
1617311819.794196,52
1617311819.908029,53
1617311820.044964,53
1617311820.153689,54
1617311820.273238,53
1617311820.385892,52
1617311820.496275,53
1617311820.605776,52
1617311820.717411,53
1617311820.825247,52
1617311820.934383,52
1617311821.053463,52
1617311821.161979,54
1617311821.280129,54
1617311821.407733,53
1617311821.525683,53
1617311821.646261,54
1617311821.757557,53
1617311821.867317,53
1617311821.981855,60
1617311822.094057,60
1617311822.201827,60
1617311822.320148,59
1617311822.431563,59
1617311822.561235,58
1617311822.677454,59
1617311822.786312,54
1617311822.896093,53
1617311823.022402,54
1617311823.133861,56
1617311823.242506,55
1617311823.354286,55
1617311823.462394,55
1617311823.568258,53
1617311823.675357,53
1617311823.793560,53
1617311823.925255,54
1617311824.033888,54
1617311824.176460,53
1617311824.286263,54
1617311824.396977,53
1617311824.540969,53
1617311824.648503,53
1617311824.802734,53
1617311824.911848,53
1617311825.024078,53
1617311825.141644,53
1617311825.251980,53
1617311825.360269,53
1617311825.492437,54
1617311825.601211,54
1617311825.708522,55
1617311825.864384,54
1617311825.985871,54
1617311826.121261,55
1617311826.232169,55
1617311826.370211,55
1617311826.481160,56
1617311826.589871,55
1617311826.697030,61
1617311826.804192,61
1617311826.940857,62
1617311827.048571,62
1617311827.155762,63
1617311827.264249,62
1617311827.371522,62
1617311827.484728,60
1617311827.593514,56
1617311827.702403,56
1617311827.810048,56
1617311827.921118,56
1617311828.028515,57
1617311828.149399,56
1617311828.260059,57
1617311828.368401,55
1617311828.494257,55
1617311828.602118,55
1617311828.711678,55
1617311828.847300,54
1617311828.963881,55
1617311829.073744,55
1617311829.182246,55
1617311829.289561,55
1617311829.397663,55
1617311829.507634,56
1617311829.614825,57
1617311829.752453,55
1617311829.903258,57
1617311830.011857,57
1617311830.122060,57
1617311830.236577,57
1617311830.344085,57
1617311830.453641,55
1617311830.565329,55
1617311830.672688,56
1617311830.781371,57
1617311830.920205,57
1617311831.033222,57
1617311831.142707,57
1617311831.251380,57
1617311831.361612,57
1617311831.470601,63
1617311831.578197,63
1617311831.698549,63
1617311831.837158,63
1617311831.946921,63
1617311832.081622,63
1617311832.202243,63
1617311832.309892,60
1617311832.422671,58
1617311832.532976,58
1617311832.641304,59
1617311832.752373,57
1617311832.868014,57
1617311832.975823,57
1617311833.083834,58
1617311833.191685,57
1617311833.298262,57
1617311833.408105,58
1617311833.514917,57
1617311833.622326,56
1617311833.729534,56
1617311833.838690,57
1617311833.952548,57
1617311834.067196,57
1617311834.174534,57
1617311834.281174,58
1617311834.389895,57
1617311834.497176,57
1617311834.605964,58
1617311834.713393,57
1617311834.845517,57
1617311834.953046,57
1617311835.063144,58
1617311835.198111,58
1617311835.308727,58
1617311835.423274,58
1617311835.533597,59
1617311835.642757,58
1617311835.749746,59
1617311835.860414,59
1617311835.969395,58
1617311836.085096,59
1617311836.193651,58
1617311836.300033,64
1617311836.406131,64
1617311836.516011,64
1617311836.650479,64
1617311836.762075,64
1617311836.873931,65
1617311836.983715,65
1617311837.092013,64
1617311837.198844,61
1617311837.306682,60
1617311837.415239,59
1617311837.522714,61
1617311837.629076,59
1617311837.737148,61
1617311837.845679,61
1617311837.952068,59
1617311838.059281,59
1617311838.167154,58
1617311838.273527,58
1617311838.382307,59
1617311838.488418,58
1617311838.596255,59
1617311838.717666,58
1617311838.831539,58
1617311838.946687,58
1617311839.062519,58
1617311839.178804,58
1617311839.293980,59
1617311839.406526,59
1617311839.526735,58
1617311839.639602,58
1617311839.747668,58
1617311839.881492,58
1617311839.989979,58
1617311840.097839,58
1617311840.205366,58
1617311840.315142,60
1617311840.422100,60
1617311840.529114,61
1617311840.639676,60
1617311840.746148,61
1617311840.860224,60
1617311840.970560,61
1617311841.078675,59
1617311841.187394,66
1617311841.300098,66
1617311841.406741,67
1617311841.513988,66
1617311841.621724,66
1617311841.733407,68
1617311841.843047,67
1617311841.949570,67
1617311842.057410,61
1617311842.164477,62
1617311842.282212,61
1617311842.413729,60
1617311842.523742,62
1617311842.655550,60
1617311842.766511,62
1617311842.875875,62
1617311842.985745,59
1617311843.095354,60
1617311843.206017,59
1617311843.323079,59
1617311843.436474,59
1617311843.545725,59
1617311843.655704,59
1617311843.766027,59
1617311843.874102,59
1617311844.013163,59
1617311844.124333,60
1617311844.232774,60
1617311844.339885,60
1617311844.447460,60
1617311844.558379,60
1617311844.666056,61
1617311844.797330,62
1617311844.945303,61
1617311845.056118,61
1617311845.166151,61
1617311845.304580,61
1617311845.413091,62
1617311845.521537,62
1617311845.637273,62
1617311845.747360,62
1617311845.854865,63
1617311845.962742,61
1617311846.099558,67
1617311846.208247,68
1617311846.318342,67
1617311846.427641,67
1617311846.540771,67
1617311846.649077,68
1617311846.764761,69
1617311846.877310,67
1617311847.019292,62
1617311847.133499,62
1617311847.241651,63
1617311847.350129,62
1617311847.466661,64
1617311847.588445,62
1617311847.707820,62
1617311847.848538,63
1617311847.960824,61
1617311848.070617,63
1617311848.181042,62
1617311848.289210,62
1617311848.396421,62
1617311848.504135,62
1617311848.615688,62
1617311848.726490,62
1617311848.837202,61
1617311848.977893,62
1617311849.091757,63
1617311849.200343,62
1617311849.307748,63
1617311849.420123,62
1617311849.529890,63
1617311849.638502,62
1617311849.784967,61
1617311849.895320,62
1617311850.033570,62
1617311850.184831,62
1617311850.308571,63
1617311850.415588,63
1617311850.522126,64
1617311850.689818,62
1617311850.802382,63
1617311850.912921,63
1617311851.020046,62
1617311851.128458,69
1617311851.239038,70
1617311851.347883,70
1617311851.456267,69
1617311851.563271,69
1617311851.669974,70
1617311851.777836,69
1617311851.884804,69
1617311851.992893,66
1617311852.103431,64
1617311852.214995,65
1617311852.380223,64
1617311852.495237,64
1617311852.603196,64
1617311852.715077,64
1617311852.864806,64
1617311852.975585,63
1617311853.082684,63
1617311853.196114,63
1617311853.303879,62
1617311853.412926,62
1617311853.521962,62
1617311853.657579,64
1617311853.821116,63
1617311853.940662,63
1617311854.047945,63
1617311854.153898,63
1617311854.262668,63
1617311854.368694,63
1617311854.494762,63
1617311854.635511,62
1617311854.746824,63
1617311854.857181,64
1617311855.005173,64
1617311855.171053,65
1617311855.285874,64
1617311855.417798,64
1617311855.576928,65
1617311855.687166,65
1617311855.811167,65
1617311855.938427,64
1617311856.106654,72
1617311856.243373,71
1617311856.350821,71
1617311856.482066,72
1617311856.592128,72
1617311856.708547,71
1617311856.829640,71
1617311856.940586,71
1617311857.051934,65
1617311857.160862,65
1617311857.277017,65
1617311857.418755,66
1617311857.527532,66
1617311857.711035,65
1617311857.829983,65
1617311857.940884,66
1617311858.053371,64
1617311858.170750,64
1617311858.284911,64
1617311858.395981,64
1617311858.508290,64
1617311858.651101,65
1617311858.778374,65
1617311858.885765,64
1617311858.993837,64
1617311859.134049,64
1617311859.251440,65
1617311859.359420,64
1617311859.467210,65
1617311859.576875,66
1617311859.686400,65
1617311859.818349,65
1617311859.927102,65
1617311860.036621,65
1617311860.145296,67
1617311860.253424,67
1617311860.362655,67
1617311860.473300,66
1617311860.579885,67
1617311860.687601,66
1617311860.794570,67
1617311860.909474,66
1617311861.017864,66
1617311861.124266,72
1617311861.233441,72
1617311861.348552,73
1617311861.456141,73
1617311861.574157,73
1617311861.682186,73
1617311861.788633,74
1617311861.896037,73
1617311862.002965,70
1617311862.125576,67
1617311862.234280,67
1617311862.344213,67
1617311862.474633,67
1617311862.582063,66
1617311862.734423,67
1617311862.848554,67
1617311862.976244,65
1617311863.085161,65
1617311863.198293,65
1617311863.316525,65
1617311863.429510,65
1617311863.541699,66
1617311863.660773,67
1617311863.771019,66
1617311863.878108,66
1617311864.052368,66
1617311864.160608,67
1617311864.274451,66
1617311864.389853,66
1617311864.504231,66
1617311864.614433,66
1617311864.723295,67
1617311864.862892,66
1617311864.976980,66
1617311865.088698,66
1617311865.231675,67
1617311865.346744,67
1617311865.452837,69
1617311865.580526,67
1617311865.687996,67
1617311865.794214,68
1617311865.906159,67
1617311866.014520,67
1617311866.126946,66
1617311866.236305,74
1617311866.344001,74
1617311866.450605,73
1617311866.558939,74
1617311866.666296,74
1617311866.773105,73
1617311866.880614,74
1617311866.988123,73
1617311867.097228,71
1617311867.207450,68
1617311867.314817,68
1617311867.423726,68
1617311867.550007,68
1617311867.669378,68
1617311867.778645,69
1617311867.888348,69
1617311868.022266,69
1617311868.129423,70
1617311868.243957,67
1617311868.353822,67
1617311868.470797,67
1617311868.583906,67
1617311868.724110,68
1617311868.834065,67
1617311868.945939,67
1617311869.057353,67
1617311869.170500,68
1617311869.380127,66
1617311869.489357,68
1617311869.597140,67
1617311869.705658,67
1617311869.814432,67
1617311869.922388,68
1617311870.028295,67
1617311870.188697,67
1617311870.299878,69
1617311870.409404,69
1617311870.516698,68
1617311870.639081,68
1617311870.749478,68
1617311870.859806,68
1617311870.988813,69
1617311871.097237,69
1617311871.235079,67
1617311871.341526,75
1617311871.448877,75
1617311871.557904,75
1617311871.670529,76
1617311871.779175,77
1617311871.903734,77
1617311872.012313,77
1617311872.119499,78
1617311872.261041,73
1617311872.373451,69
1617311872.485855,70
1617311872.613425,71
1617311872.757960,70
1617311872.868373,70
1617311872.977639,70
1617311873.089628,70
1617311873.200017,71
1617311873.309032,70
1617311873.419552,68
1617311873.538087,69
1617311873.648798,69
1617311873.783099,70
1617311873.894855,70
1617311874.001093,68
1617311874.111105,68
1617311874.252483,69
1617311874.365525,70
1617311874.472691,69
1617311874.583929,69
1617311874.693346,69
1617311874.837058,68
1617311874.945262,69
1617311875.053936,69
1617311875.162080,70
1617311875.269798,69
1617311875.377578,69
1617311875.514970,69
1617311875.625699,69
1617311875.732729,69
1617311875.840938,70
1617311875.977952,71
1617311876.095487,71
1617311876.204888,71
1617311876.326052,70
1617311876.435016,77
1617311876.548119,78
1617311876.666662,78
1617311876.785830,78
1617311876.911187,78
1617311877.056848,77
1617311877.168876,78
1617311877.277659,79
1617311877.386671,78
1617311877.513415,71
1617311877.625156,72
1617311877.736897,72
1617311877.876892,70
1617311877.987815,71
1617311878.128319,72
1617311878.275249,72
1617311878.383833,71
1617311878.493975,72
1617311878.602797,70
1617311878.726559,70
1617311878.844808,70
1617311878.956132,71
1617311879.073667,69
1617311879.208040,70
1617311879.318912,71
1617311879.427341,71
1617311879.535783,70
1617311879.642838,70
1617311879.750204,71
1617311879.868593,70
1617311879.976711,71
1617311880.085765,69
1617311880.192561,70
1617311880.303738,72
1617311880.418177,72
1617311880.526309,71
1617311880.666203,73
1617311880.778375,72
1617311880.886900,72
1617311880.995977,71
1617311881.135771,72
1617311881.244295,73
1617311881.352896,72
1617311881.510397,71
1617311881.684047,78
1617311881.792571,79
1617311881.906879,79
1617311882.033628,78
1617311882.151557,80
1617311882.279537,79
1617311882.389503,79
1617311882.528184,79
1617311882.640417,79
1617311882.748841,75
1617311882.857247,73
1617311882.977800,74
1617311883.089668,73
1617311883.196795,72
1617311883.329793,73
1617311883.468696,73
1617311883.578960,74
1617311883.739571,73
1617311883.849284,71
1617311883.984821,70
1617311884.094532,71
1617311884.202005,71
1617311884.314707,71
1617311884.426398,72
1617311884.534103,73
1617311884.689032,72
1617311884.797352,72
1617311884.910502,72
1617311885.016965,72
1617311885.123665,72
1617311885.250430,73
1617311885.357353,72
1617311885.509184,72
1617311885.626181,73
1617311885.746090,72
1617311885.858534,73
1617311885.967375,74
1617311886.076406,73
1617311886.187595,74
1617311886.295103,73
1617311886.402090,74
1617311886.510263,73
1617311886.617250,73
1617311886.724480,74
1617311886.830933,73
1617311886.947802,80
1617311887.057518,80
1617311887.175236,80
1617311887.282763,81
1617311887.405166,80
1617311887.511827,80
1617311887.623981,80
1617311887.734886,81
1617311887.849202,79
1617311887.961578,77
1617311888.082250,73
1617311888.199240,75
1617311888.306887,74
1617311888.447158,74
1617311888.567719,74
1617311888.703586,73
1617311888.810786,74
1617311888.920170,75
1617311889.061866,72
1617311889.173203,74
1617311889.282150,73
1617311889.392087,73
1617311889.500192,73
1617311889.607882,73
1617311889.745763,73
1617311889.858647,73
1617311889.972274,73
1617311890.118593,73
1617311890.225714,73
1617311890.333598,74
1617311890.439508,74
1617311890.547102,73
1617311890.662244,73
1617311890.769999,74
1617311890.878628,74
1617311890.993213,74
1617311891.106917,74
1617311891.216623,74
1617311891.344765,75
1617311891.457377,75
1617311891.576661,74
1617311891.685393,74
1617311891.816095,74
1617311891.927757,74
1617311892.036497,74
1617311892.146284,74
1617311892.266334,82
1617311892.381989,81
1617311892.519928,81
1617311892.639450,81
1617311892.750966,81
1617311892.874095,82
1617311892.989386,81
1617311893.103752,82
1617311893.219731,80
1617311893.337704,76
1617311893.450746,75
1617311893.561506,75
1617311893.684344,76
1617311893.830526,77
1617311893.962325,75
1617311894.076957,75
1617311894.185247,75
1617311894.294662,75
1617311894.405179,75
1617311894.512105,76
1617311894.622358,75
1617311894.734172,75
1617311894.843789,76
1617311894.951242,74
1617311895.059845,74
1617311895.190330,74
1617311895.344406,75
1617311895.471907,74
1617311895.580910,74
1617311895.693786,74
1617311895.842398,75
1617311895.955527,75
1617311896.070313,75
1617311896.186156,74
1617311896.328689,74
1617311896.459839,76
1617311896.568059,77
1617311896.704787,75
1617311896.819415,76
1617311896.927399,76
1617311897.037048,76
1617311897.146802,76
1617311897.285247,77
1617311897.398146,76
1617311897.511650,76
1617311897.702374,79
1617311897.813542,84
1617311897.928180,84
1617311898.040005,83
1617311898.149352,83
1617311898.301686,83
1617311898.414163,85
1617311898.567654,80
1617311898.706664,76
1617311898.819069,76
1617311898.928482,78
1617311899.036103,78
1617311899.159584,78
1617311899.269459,77
1617311899.379797,78
1617311899.527364,77
1617311899.635384,77
1617311899.793389,75
1617311899.906008,75
1617311900.020567,76
1617311900.133035,75
1617311900.246389,76
1617311900.362348,76
1617311900.474881,76
1617311900.584946,76
1617311900.698293,77
1617311900.849508,76
1617311900.963576,76
1617311901.076369,76
1617311901.190837,76
1617311901.305067,76
1617311901.433742,75
1617311901.544071,76
1617311901.661403,76
1617311901.783227,77
1617311901.892040,77
1617311902.002466,78
1617311902.117344,76
1617311902.230757,76
1617311902.349564,77
1617311902.459061,77
1617311902.566190,78
1617311902.706663,78
1617311902.834305,78
1617311902.960398,84
1617311903.073358,84
1617311903.209532,85
1617311903.346005,85
1617311903.456141,85
1617311903.594709,85
1617311903.728389,85
1617311903.852896,85
1617311904.025829,81
1617311904.132783,80
1617311904.298432,78
1617311904.431028,78
1617311904.603092,78
1617311904.738313,80
1617311904.882094,78
1617311905.010290,78
1617311905.153468,78
1617311905.294558,76
1617311905.420932,77
1617311905.530459,76
1617311905.655409,77
1617311905.767894,77
1617311905.893026,77
1617311906.024376,77
1617311906.150739,77
1617311906.258066,76
1617311906.380200,78
1617311906.500781,77
1617311906.638326,76
1617311906.772173,76
1617311906.882730,77
1617311906.989649,77
1617311907.136191,77
1617311907.243047,78
1617311907.353064,78
1617311907.469027,78
1617311907.575473,78
1617311907.687790,79
1617311907.796503,79
1617311907.907711,79
1617311908.020540,79
1617311908.132497,79
1617311908.238633,80
1617311908.349212,86
1617311908.459160,86
1617311908.580531,86
1617311908.689015,85
1617311908.796157,87
1617311908.904435,86
1617311909.012709,86
1617311909.121022,87
1617311909.251333,86
1617311909.378778,85
1617311909.495112,80
1617311909.605163,79
1617311909.803198,79
1617311909.916752,79
1617311910.045848,80
1617311910.170615,80
1617311910.287516,79
1617311910.399092,79
1617311910.520761,79
1617311910.644869,79
1617311910.789795,79
1617311910.896632,78
1617311911.035789,78
1617311911.148181,78
1617311911.256901,78
1617311911.409950,77
1617311911.551601,79
1617311911.665444,78
1617311911.771967,79
1617311911.885340,79
1617311912.016039,80
1617311912.132304,79
1617311912.240411,79
1617311912.347796,80
1617311912.523521,79
1617311912.679804,80
1617311912.802841,80
1617311912.908883,81
1617311913.029298,80
1617311913.139737,80
1617311913.247379,81
1617311913.355979,81
1617311913.464331,80
1617311913.601962,80
1617311913.716022,82
1617311913.826404,82
1617311913.932850,87
1617311914.040795,88
1617311914.151741,87
1617311914.265436,88
1617311914.372971,88
1617311914.481726,89
1617311914.619137,87
1617311914.727941,87
1617311914.837544,87
1617311914.945802,85
1617311915.060310,79
1617311915.176123,81
1617311915.289733,81
1617311915.410450,81
1617311915.555647,80
1617311915.672592,81
1617311915.782675,80
1617311915.902779,81
1617311916.016094,81
1617311916.124416,81
1617311916.235666,79
1617311916.343217,79
1617311916.459850,79
1617311916.567840,81
1617311916.674674,80
1617311916.790931,80
1617311916.908453,81
1617311917.042162,80
1617311917.173164,80
1617311917.294716,80
1617311917.421869,80
1617311917.545748,80
1617311917.653049,80
1617311917.767732,80
1617311917.874365,80
1617311918.003547,80
