1617311954.104607,1
1617311954.216420,6
1617311954.330592,13
1617311954.437938,19
1617311954.544513,19
1617311954.653507,20
1617311954.787246,19
1617311954.896952,19
1617311955.005007,19
1617311955.117108,19
1617311955.224042,20
1617311955.331255,19
1617311955.438821,20
1617311955.559344,18
1617311955.668014,19
1617311955.782650,19
1617311955.905736,20
1617311956.033834,18
1617311956.145491,16
1617311956.254986,3
1617311956.366370,8
1617311956.473573,7
1617311956.581253,7
1617311956.687524,7
1617311956.794677,8
1617311956.903261,9
1617311957.009600,8
1617311957.116829,9
1617311957.227721,9
1617311957.336225,8
1617311957.443569,8
1617311957.551471,10
1617311957.658669,9
1617311957.768063,9
1617311957.875159,10
1617311957.982336,10
1617311958.137121,10
1617311958.247838,11
1617311958.359856,17
1617311958.493870,16
1617311958.604427,10
1617311958.711043,12
1617311958.821173,13
1617311958.928997,14
1617311959.037007,11
1617311959.147870,11
1617311959.258251,12
1617311959.364562,12
1617311959.474258,12
1617311959.582104,12
1617311959.689471,13
1617311959.797821,11
1617311959.905309,11
1617311960.016569,12
1617311960.124293,12
1617311960.230414,13
1617311960.338385,13
1617311960.447495,13
1617311960.554633,13
1617311960.666319,13
1617311960.776338,13
1617311960.883381,13
1617311961.033486,13
1617311961.142852,13
1617311961.248841,14
1617311961.361000,15
1617311961.476252,15
1617311961.584682,14
1617311961.691820,15
1617311961.802698,15
1617311961.933878,19
1617311962.083218,18
1617311962.194542,14
1617311962.304107,13
1617311962.417698,14
1617311962.527134,15
1617311962.650262,5
1617311962.797077,8
1617311962.908424,6
1617311963.018558,8
1617311963.143981,7
1617311963.261983,5
1617311963.379666,6
1617311963.493686,8
1617311963.607228,8
1617311963.715730,7
1617311963.822647,6
1617311963.931044,7
1617311964.041244,7
1617311964.149414,8
1617311964.258965,9
1617311964.369548,9
1617311964.476886,8
1617311964.592694,9
1617311964.701663,8
1617311964.809345,9
1617311964.921682,8
1617311965.037023,9
1617311965.144058,9
1617311965.250188,10
1617311965.364634,9
1617311965.475051,10
1617311965.586158,10
1617311965.701876,10
1617311965.812044,11
1617311965.919501,10
1617311966.028660,12
1617311966.181015,10
1617311966.357289,12
1617311966.469375,18
1617311966.577579,18
1617311966.693814,15
1617311966.807378,13
1617311966.917519,13
1617311967.029404,13
1617311967.136294,12
1617311967.264666,11
1617311967.374048,12
1617311967.483076,12
1617311967.591113,12
1617311967.700883,13
1617311967.809045,13
1617311967.921654,13
1617311968.062691,13
1617311968.170679,12
1617311968.278570,13
1617311968.385524,13
1617311968.526498,13
1617311968.637271,13
1617311968.748262,14
1617311968.885374,13
1617311968.993338,14
1617311969.100576,14
1617311969.218319,14
1617311969.326052,14
1617311969.434885,14
1617311969.548078,15
1617311969.661987,14
1617311969.769589,16
1617311969.878641,16
1617311969.985542,16
1617311970.094712,20
1617311970.209877,19
1617311970.323166,17
1617311970.437386,15
1617311970.550490,15
1617311970.663722,11
1617311970.811945,5
1617311970.923871,7
1617311971.030034,7
1617311971.174280,7
1617311971.288449,9
1617311971.408001,9
1617311971.524425,7
1617311971.640830,7
1617311971.749809,7
1617311971.886525,7
1617311971.999002,8
1617311972.153771,9
1617311972.263014,9
1617311972.370507,8
1617311972.480927,8
1617311972.590392,9
1617311972.698376,9
1617311972.807253,10
1617311972.914897,9
1617311973.033493,9
1617311973.146022,10
1617311973.256213,10
1617311973.363947,9
1617311973.495936,10
1617311973.639227,10
1617311973.752706,10
1617311973.862626,11
1617311973.971905,10
1617311974.085444,11
1617311974.226951,11
1617311974.337820,11
1617311974.444411,13
1617311974.550853,12
1617311974.661674,19
1617311974.769979,19
1617311974.877447,12
1617311975.018055,13
1617311975.139832,12
1617311975.246238,12
1617311975.352554,12
1617311975.464349,13
1617311975.573029,14
1617311975.688815,13
1617311975.798041,14
1617311975.907031,13
1617311976.017964,12
1617311976.128623,13
1617311976.264229,14
1617311976.395028,14
1617311976.506165,13
1617311976.637564,14
1617311976.753289,14
1617311976.889663,14
1617311977.011795,14
1617311977.120466,14
1617311977.231336,15
1617311977.348809,14
1617311977.469255,15
1617311977.590371,15
1617311977.706053,15
1617311977.858340,16
1617311977.995047,17
1617311978.105097,17
1617311978.217253,15
1617311978.333156,19
1617311978.456870,17
1617311978.564890,15
1617311978.671806,15
1617311978.814139,12
1617311978.928091,6
1617311979.036916,6
1617311979.166887,6
1617311979.300096,8
1617311979.407013,8
1617311979.515735,8
1617311979.622999,9
1617311979.744595,7
1617311979.855135,8
1617311979.963109,7
1617311980.070684,9
1617311980.207864,8
1617311980.321357,8
1617311980.447559,8
1617311980.556757,8
1617311980.666976,8
1617311980.828015,10
1617311980.936517,9
1617311981.045710,9
1617311981.153252,10
1617311981.308134,8
1617311981.417415,10
1617311981.530073,10
1617311981.701764,10
1617311981.810599,10
1617311981.917981,10
1617311982.025889,11
1617311982.135175,10
1617311982.244051,11
1617311982.377051,11
1617311982.484808,12
1617311982.592646,12
1617311982.702786,12
1617311982.846728,10
1617311982.954729,20
1617311983.088598,16
1617311983.196657,13
1617311983.314375,13
1617311983.429299,11
1617311983.538469,12
1617311983.660516,12
1617311983.810599,12
1617311983.919797,13
1617311984.034914,14
1617311984.175467,13
1617311984.293029,13
1617311984.401112,13
1617311984.510940,13
1617311984.619731,14
1617311984.726719,14
1617311984.833658,15
1617311984.968730,14
1617311985.083730,14
1617311985.216168,14
1617311985.325756,14
1617311985.432571,14
1617311985.555779,15
1617311985.663289,14
1617311985.799459,15
1617311985.907260,16
1617311986.021170,15
1617311986.130834,15
1617311986.238663,16
1617311986.346843,16
1617311986.455432,16
1617311986.563489,18
1617311986.673205,18
1617311986.796226,13
1617311986.904284,14
1617311987.012850,11
1617311987.153216,6
1617311987.269734,6
1617311987.407100,7
1617311987.519937,7
1617311987.629828,9
1617311987.743759,9
1617311987.856913,8
1617311987.978093,8
1617311988.105786,7
1617311988.217586,7
1617311988.329474,9
1617311988.466262,9
1617311988.577321,9
1617311988.685704,8
1617311988.794516,8
1617311988.901068,8
1617311989.017564,9
1617311989.129415,10
1617311989.236725,9
1617311989.343965,9
1617311989.450917,10
1617311989.558893,9
1617311989.666102,11
1617311989.773530,10
1617311989.880733,10
1617311989.989627,12
1617311990.095828,11
1617311990.202809,11
1617311990.309636,11
1617311990.416507,11
1617311990.525018,12
1617311990.631396,11
1617311990.738584,12
1617311990.848731,13
1617311990.958983,13
1617311991.068760,19
1617311991.181411,18
1617311991.289670,14
1617311991.401215,14
1617311991.515363,12
1617311991.622539,13
1617311991.728857,12
1617311991.838700,13
1617311991.947563,14
1617311992.055597,13
1617311992.188104,13
1617311992.298770,13
1617311992.407561,12
1617311992.534299,13
1617311992.643630,13
1617311992.751135,13
1617311992.857388,14
1617311992.965744,14
1617311993.079297,14
1617311993.187121,14
1617311993.331839,14
1617311993.440005,14
1617311993.549539,14
1617311993.657085,14
1617311993.789496,14
1617311993.898725,14
1617311994.007682,15
1617311994.117802,15
1617311994.229919,16
1617311994.338380,16
1617311994.445447,18
1617311994.554100,16
1617311994.660311,19
1617311994.767918,18
1617311994.887689,17
1617311994.994385,15
1617311995.101624,16
1617311995.211705,17
1617311995.319114,16
1617311995.426923,16
1617311995.558898,18
1617311995.671052,18
1617311995.778661,17
1617311995.886836,18
1617311995.999383,18
1617311996.109066,18
1617311996.216256,19
1617311996.327958,19
1617311996.435089,19
1617311996.603489,19
1617311996.728528,19
1617311996.875995,18
1617311997.011739,19
1617311997.124632,17
1617311997.267933,18
1617311997.391133,18
1617311997.498343,18
1617311997.620972,20
1617311997.731534,19
1617311997.841759,18
1617311997.979862,18
1617311998.090548,20
1617311998.206388,19
1617311998.320566,20
1617311998.439106,19
1617311998.552420,18
1617311998.662739,19
1617311998.798001,19
1617311998.939972,20
1617311999.053160,18
1617311999.167618,19
1617311999.283541,19
1617311999.412815,19
1617311999.554273,19
1617311999.704245,13
1617311999.810851,9
1617311999.921101,10
1617312000.029179,9
1617312000.138226,8
1617312000.256773,9
1617312000.363966,9
1617312000.471268,10
1617312000.582150,11
1617312000.689340,16
1617312000.796893,16
1617312000.930810,10
1617312001.045216,12
1617312001.155378,10
1617312001.263530,11
1617312001.373052,12
1617312001.494967,11
1617312001.604354,11
1617312001.716208,11
1617312001.826886,11
1617312001.935784,11
1617312002.044500,10
1617312002.152594,11
1617312002.259637,11
1617312002.368806,12
1617312002.477446,11
1617312002.586202,12
1617312002.714417,12
1617312002.822206,12
1617312002.928610,13
1617312003.036615,13
1617312003.160277,12
1617312003.268430,13
1617312003.405150,13
1617312003.538822,13
1617312003.646621,14
1617312003.758717,14
1617312003.903437,13
1617312004.019545,14
1617312004.128989,16
1617312004.255256,19
1617312004.396455,19
1617312004.538027,14
1617312004.648125,12
1617312004.758130,9
1617312004.872586,8
1617312004.981626,5
1617312005.119443,6
1617312005.229348,6
1617312005.341206,8
1617312005.452560,6
1617312005.562805,6
1617312005.700456,7
1617312005.807776,7
1617312005.935361,7
1617312006.044923,7
1617312006.157203,8
1617312006.270819,8
1617312006.386255,7
1617312006.496954,9
1617312006.605447,8
1617312006.717299,8
1617312006.857449,9
1617312006.970319,10
1617312007.117076,8
1617312007.227014,9
1617312007.342196,9
1617312007.506824,10
1617312007.647583,9
1617312007.785208,10
1617312007.897612,10
1617312008.020945,10
1617312008.145687,10
1617312008.254245,10
1617312008.375940,11
1617312008.488941,11
1617312008.599394,18
1617312008.709203,19
1617312008.821664,11
1617312008.977978,13
1617312009.110471,12
1617312009.249466,13
1617312009.357739,12
1617312009.494518,12
1617312009.603880,13
1617312009.745164,12
1617312009.853166,12
1617312009.988661,12
1617312010.099057,12
1617312010.209736,14
1617312010.319084,13
1617312010.430761,13
1617312010.552123,12
1617312010.663885,13
1617312010.776428,14
1617312010.913073,13
1617312011.054641,14
1617312011.168480,14
1617312011.281751,15
1617312011.426999,14
1617312011.582400,14
1617312011.717104,16
1617312011.824716,14
1617312011.945014,15
1617312012.063941,16
1617312012.178097,19
1617312012.291214,18
1617312012.404708,16
1617312012.516860,14
1617312012.629081,14
1617312012.761034,8
1617312012.873509,6
1617312012.985779,6
1617312013.110317,6
1617312013.224929,9
1617312013.378433,7
1617312013.489478,7
1617312013.601882,7
1617312013.752162,7
1617312013.860810,7
1617312013.986638,9
1617312014.094567,9
1617312014.203638,8
1617312014.311774,8
1617312014.436538,8
1617312014.548060,8
1617312014.662863,8
1617312014.770966,9
1617312014.883748,9
1617312015.007330,10
1617312015.116950,10
1617312015.226946,10
1617312015.338382,11
1617312015.448745,11
1617312015.570582,10
1617312015.681969,10
1617312015.790535,11
1617312015.899209,10
1617312016.013550,10
1617312016.129194,11
1617312016.236788,11
1617312016.366586,11
1617312016.479805,13
1617312016.588685,14
1617312016.697914,19
1617312016.847469,17
1617312016.963990,12
1617312017.070976,11
1617312017.178639,5
1617312017.292163,4
1617312017.400373,6
1617312017.508329,6
1617312017.618621,5
1617312017.727483,5
1617312017.834949,7
1617312017.969864,6
1617312018.078267,6
1617312018.185922,6
1617312018.294893,6
1617312018.405585,6
1617312018.513009,6
1617312018.621268,7
1617312018.730470,7
1617312018.847966,7
1617312018.956267,8
1617312019.065344,9
1617312019.171846,7
1617312019.285847,8
1617312019.395062,8
1617312019.501781,8
1617312019.612545,8
1617312019.765121,8
1617312019.886195,9
1617312019.993076,10
1617312020.138180,9
1617312020.253746,10
1617312020.363766,10
1617312020.512875,11
1617312020.626277,11
1617312020.737469,11
1617312020.845491,11
1617312020.955656,10
1617312021.063601,19
1617312021.171307,16
1617312021.286684,12
1617312021.394324,12
1617312021.510544,10
1617312021.620366,10
1617312021.761983,11
1617312021.896690,12
1617312022.017601,11
1617312022.126645,11
1617312022.233549,11
1617312022.343534,11
1617312022.461352,12
1617312022.574805,12
1617312022.703243,11
1617312022.812842,13
1617312022.922505,14
1617312023.032434,13
1617312023.145006,13
1617312023.252238,12
1617312023.358838,12
1617312023.468794,12
1617312023.576803,14
1617312023.701860,13
1617312023.820856,14
1617312023.935735,14
1617312024.049452,14
1617312024.157581,15
1617312024.267969,14
1617312024.397667,15
1617312024.531549,14
1617312024.677133,18
1617312024.787903,16
1617312024.898304,15
1617312025.010839,14
1617312025.120208,9
1617312025.226490,5
1617312025.334509,5
1617312025.449036,7
1617312025.569499,6
1617312025.695064,7
1617312025.833731,7
1617312025.943446,6
1617312026.053709,7
1617312026.159607,7
1617312026.266569,7
1617312026.373336,7
1617312026.480283,7
1617312026.610833,7
1617312026.732001,8
1617312026.849556,8
1617312026.960210,8
1617312027.072860,8
1617312027.182371,8
1617312027.290258,8
1617312027.396386,8
1617312027.533821,9
1617312027.641179,10
1617312027.751471,10
1617312027.881653,9
1617312027.994854,9
1617312028.109852,9
1617312028.216390,9
1617312028.325406,10
1617312028.434521,10
1617312028.544440,10
1617312028.656120,10
1617312028.788663,10
1617312028.905238,12
1617312029.071185,11
1617312029.215647,18
1617312029.328909,14
1617312029.451994,13
1617312029.586781,12
1617312029.695623,12
1617312029.825113,12
1617312029.969454,10
1617312030.080300,12
1617312030.221598,12
1617312030.340630,13
1617312030.450663,13
1617312030.556866,13
1617312030.701199,13
1617312030.822078,13
1617312030.936588,13
1617312031.065115,13
1617312031.190049,14
1617312031.299073,13
1617312031.409174,14
1617312031.522042,14
1617312031.634821,14
1617312031.765699,14
1617312031.877825,14
1617312031.989038,14
1617312032.118048,15
1617312032.244329,15
1617312032.353040,15
1617312032.518411,16
1617312032.626404,16
1617312032.762159,18
1617312032.895053,18
1617312033.009015,13
1617312033.135551,13
1617312033.255384,12
1617312033.361822,6
1617312033.497954,6
1617312033.610381,7
1617312033.726816,7
1617312033.856194,9
1617312033.969981,9
1617312034.078159,8
1617312034.246853,6
1617312034.355001,7
1617312034.479128,7
1617312034.608653,8
1617312034.742633,8
1617312034.882636,9
1617312034.991854,8
1617312035.107231,8
1617312035.255472,8
1617312035.362536,9
1617312035.479701,10
1617312035.640019,9
1617312035.759057,9
1617312035.874422,10
1617312036.001447,9
1617312036.152510,11
1617312036.268037,11
1617312036.376274,10
1617312036.483828,10
1617312036.612270,10
1617312036.720310,10
1617312036.828036,11
1617312036.944778,11
1617312037.058710,13
1617312037.165224,13
1617312037.273768,20
1617312037.382929,19
1617312037.495184,14
1617312037.613238,13
1617312037.724935,11
1617312037.834084,12
1617312037.956916,12
1617312038.068346,13
1617312038.179017,13
1617312038.304887,13
1617312038.419530,14
1617312038.558236,13
1617312038.685511,13
1617312038.820697,12
1617312038.928720,13
1617312039.042718,12
1617312039.159284,14
1617312039.266441,14
1617312039.373792,14
1617312039.480568,14
1617312039.591955,15
1617312039.702451,15
1617312039.810447,14
1617312039.918870,15
1617312040.029787,14
1617312040.137432,14
1617312040.244505,15
1617312040.359336,15
1617312040.469438,15
1617312040.582049,16
1617312040.695121,17
1617312040.801804,16
1617312040.910646,18
1617312041.039082,18
1617312041.154773,15
1617312041.263405,16
1617312041.401899,16
1617312041.520547,17
1617312041.635642,18
1617312041.753602,17
1617312041.867044,17
1617312041.979970,16
1617312042.110823,19
1617312042.221643,19
1617312042.329957,17
1617312042.437711,17
1617312042.544868,19
1617312042.657794,19
1617312042.775477,19
1617312042.886731,18
1617312042.999643,18
1617312043.110719,19
1617312043.221045,17
1617312043.347240,17
1617312043.457665,17
1617312043.579256,17
1617312043.712297,18
1617312043.826475,18
1617312043.935107,19
1617312044.043152,18
1617312044.150283,18
1617312044.263928,19
1617312044.371665,18
1617312044.478504,19
1617312044.589248,20
1617312044.702850,20
1617312044.811058,19
1617312044.928432,20
1617312045.035319,19
1617312045.149007,19
1617312045.257842,18
1617312045.366141,20
1617312045.516416,18
1617312045.624017,20
1617312045.733096,19
1617312045.865657,17
1617312045.989674,18
1617312046.097660,14
1617312046.212761,5
1617312046.337604,3
1617312046.479202,2
1617312046.592153,3
1617312046.698829,3
1617312046.809109,4
1617312046.922104,4
1617312047.045318,4
1617312047.157994,5
1617312047.271445,5
1617312047.387010,5
1617312047.505052,6
1617312047.641433,3
1617312047.749128,6
1617312047.860819,7
1617312047.974759,7
1617312048.086855,6
1617312048.198279,6
1617312048.311565,7
1617312048.455246,7
1617312048.566119,7
1617312048.673463,8
1617312048.783005,7
1617312048.898422,8
1617312049.005732,8
1617312049.121019,8
1617312049.228330,10
1617312049.338086,10
1617312049.448740,15
1617312049.555643,13
1617312049.717342,10
1617312049.828799,10
1617312049.936692,9
1617312050.068911,9
1617312050.175382,9
1617312050.281973,11
1617312050.424294,10
1617312050.535391,9
1617312050.655600,11
1617312050.764698,10
1617312050.873279,10
1617312050.984325,10
1617312051.114636,10
1617312051.245617,11
1617312051.356350,12
1617312051.466050,12
1617312051.576234,12
1617312051.688501,12
1617312051.797484,11
1617312051.905474,12
1617312052.018928,12
1617312052.148659,12
1617312052.273311,12
1617312052.384037,12
1617312052.525494,12
1617312052.632077,12
1617312052.769819,15
1617312052.883934,13
1617312052.995941,20
1617312053.111075,19
1617312053.228845,15
1617312053.339721,13
1617312053.448157,14
1617312053.558860,14
1617312053.666647,15
1617312053.773546,14
1617312053.880983,16
1617312053.989755,15
1617312054.098670,14
1617312054.207034,16
1617312054.330085,14
1617312054.445065,14
1617312054.552361,15
1617312054.661477,17
1617312054.768788,15
1617312054.875943,16
1617312055.005181,16
1617312055.116163,16
1617312055.244100,15
1617312055.351232,15
1617312055.470678,16
1617312055.578641,16
1617312055.694121,15
1617312055.812216,16
1617312055.927812,17
1617312056.073168,16
1617312056.188633,18
1617312056.294833,17
1617312056.403140,17
1617312056.512157,18
1617312056.620288,17
1617312056.757445,16
1617312056.866981,17
1617312056.978844,16
1617312057.091696,17
1617312057.199367,18
1617312057.309835,19
1617312057.416910,18
1617312057.523320,18
1617312057.652380,19
1617312057.758751,18
1617312057.866823,18
1617312057.983075,18
1617312058.110963,18
1617312058.221865,18
1617312058.330469,19
1617312058.439404,20
1617312058.546138,20
1617312058.653495,19
1617312058.775048,19
1617312058.903068,18
1617312059.032329,12
1617312059.144563,17
1617312059.253856,13
1617312059.367348,8
1617312059.485851,8
1617312059.594829,8
1617312059.710350,8
1617312059.820650,9
1617312059.928203,8
1617312060.036937,8
1617312060.145408,9
1617312060.254797,10
1617312060.383051,9
1617312060.492132,10
1617312060.599981,10
1617312060.708377,10
1617312060.875730,9
1617312060.983946,9
1617312061.092892,10
1617312061.206405,11
1617312061.314520,10
1617312061.423676,12
1617312061.531023,11
1617312061.666555,11
1617312061.799539,10
1617312061.913264,11
1617312062.019436,12
1617312062.126517,12
1617312062.258127,13
1617312062.370403,13
1617312062.494652,19
1617312062.604342,18
1617312062.712084,14
1617312062.819699,13
1617312062.946123,13
1617312063.065133,13
1617312063.175035,14
1617312063.284870,14
1617312063.394749,13
1617312063.503118,13
1617312063.610176,13
1617312063.748012,13
1617312063.866385,13
1617312063.972942,13
1617312064.083507,14
1617312064.195723,15
1617312064.331328,14
1617312064.447110,14
1617312064.554988,14
1617312064.665276,15
1617312064.789695,14
1617312064.898510,14
1617312065.037619,14
1617312065.149186,15
1617312065.256495,14
1617312065.397212,16
1617312065.514001,15
1617312065.621113,15
1617312065.733287,15
1617312065.840115,17
1617312065.947426,16
1617312066.083779,20
1617312066.191902,20
1617312066.345857,16
1617312066.487155,14
1617312066.605771,13
1617312066.712722,10
1617312066.818172,9
1617312066.948133,6
1617312067.057785,9
1617312067.202178,9
1617312067.308772,10
1617312067.464949,7
1617312067.605662,7
1617312067.723965,7
1617312067.833404,8
1617312067.949247,9
1617312068.064813,8
1617312068.172063,9
1617312068.280096,9
1617312068.388444,8
1617312068.496725,8
1617312068.605913,9
1617312068.714339,9
1617312068.821155,9
1617312068.929071,9
1617312069.036485,10
1617312069.144532,9
1617312069.252552,9
1617312069.358112,11
1617312069.467464,11
1617312069.601856,11
1617312069.713565,11
1617312069.825892,10
1617312069.937577,10
1617312070.047282,10
1617312070.156795,11
1617312070.268710,13
1617312070.378264,12
1617312070.524738,12
1617312070.682642,13
1617312070.804476,12
1617312070.915803,19
1617312071.023789,17
1617312071.134639,13
1617312071.250796,14
1617312071.359432,14
1617312071.469852,14
1617312071.579833,12
1617312071.693243,13
1617312071.806112,13
1617312071.930419,13
1617312072.038439,14
1617312072.145200,13
1617312072.288589,13
1617312072.402711,14
1617312072.533070,14
1617312072.647879,14
1617312072.756265,14
1617312072.923200,15
1617312073.041580,15
1617312073.154249,14
1617312073.265082,14
1617312073.377492,15
1617312073.490726,15
1617312073.603999,16
1617312073.713676,17
1617312073.820514,16
1617312073.927926,15
1617312074.035159,16
1617312074.174928,16
1617312074.283571,16
1617312074.392380,17
1617312074.499377,19
1617312074.671990,16
1617312074.779919,14
1617312074.886583,14
1617312074.995120,15
1617312075.114963,9
1617312075.224627,7
1617312075.333623,6
1617312075.488129,7
1617312075.599652,9
1617312075.710527,8
1617312075.821787,8
1617312075.933793,8
1617312076.048525,9
1617312076.157906,9
1617312076.266044,8
1617312076.406614,8
1617312076.525776,8
1617312076.675133,8
1617312076.787754,8
1617312076.898974,9
1617312077.043350,9
1617312077.153491,9
1617312077.269422,10
1617312077.381780,10
1617312077.491074,10
1617312077.599988,10
1617312077.711915,10
1617312077.820049,10
1617312077.926938,11
1617312078.035431,11
1617312078.142145,11
1617312078.252696,12
1617312078.360905,10
1617312078.468910,10
1617312078.586842,10
1617312078.700069,12
1617312078.814983,12
1617312078.924169,13
1617312079.035894,13
1617312079.145364,20
1617312079.256716,19
1617312079.388362,14
1617312079.534774,14
1617312079.662751,13
1617312079.781430,13
1617312079.898665,12
1617312080.011632,12
1617312080.126970,13
1617312080.243571,14
1617312080.380727,13
1617312080.492124,13
1617312080.640483,15
1617312080.754223,14
1617312080.861909,15
1617312080.973140,15
1617312081.083348,14
1617312081.192019,15
1617312081.310255,14
1617312081.439817,14
1617312081.547464,15
1617312081.666993,14
1617312081.773756,15
1617312081.892312,15
1617312082.067929,14
1617312082.182108,15
1617312082.290501,15
1617312082.398307,15
1617312082.506231,16
1617312082.617278,16
1617312082.727535,16
1617312082.835153,18
1617312082.958775,20
1617312083.102609,17
1617312083.241869,16
1617312083.356102,14
1617312083.470421,13
1617312083.583553,8
1617312083.709670,6
1617312083.851070,7
1617312083.964419,7
1617312084.075870,7
1617312084.185488,7
1617312084.298323,8
1617312084.406698,7
1617312084.515162,8
1617312084.624576,8
1617312084.735544,9
1617312084.851523,9
1617312084.959609,8
1617312085.080130,9
1617312085.205976,8
1617312085.337828,9
1617312085.444612,9
1617312085.555704,9
1617312085.664222,9
1617312085.770910,9
1617312085.892045,9
1617312086.003648,10
1617312086.129766,11
1617312086.237376,11
1617312086.347577,11
1617312086.460836,12
1617312086.574689,12
1617312086.683931,13
1617312086.795585,17
1617312086.902974,18
1617312087.013807,13
1617312087.120769,14
1617312087.236326,11
1617312087.384629,12
1617312087.493649,12
1617312087.603701,13
1617312087.712619,12
1617312087.821108,11
1617312087.929566,13
1617312088.036958,12
1617312088.145589,12
1617312088.254411,13
1617312088.362376,13
1617312088.472281,13
1617312088.579829,14
1617312088.690498,14
1617312088.800845,13
1617312088.911607,13
1617312089.019853,15
1617312089.127312,14
1617312089.253325,14
1617312089.360907,15
1617312089.469917,16
1617312089.586693,15
1617312089.698225,15
1617312089.817574,14
1617312089.933313,14
1617312090.042533,16
1617312090.196228,16
1617312090.312130,16
1617312090.421087,18
1617312090.533335,18
1617312090.668100,14
1617312090.785739,15
1617312090.950898,10
1617312091.063879,6
1617312091.170216,5
1617312091.279911,8
1617312091.391929,8
1617312091.543969,8
1617312091.651892,9
1617312091.760092,9
1617312091.870815,7
1617312091.979432,7
1617312092.098246,9
1617312092.207794,7
1617312092.341392,8
1617312092.486631,8
1617312092.630847,8
1617312092.746515,8
1617312092.853640,8
1617312092.962344,8
1617312093.070706,9
1617312093.179018,9
1617312093.314829,9
1617312093.421373,10
1617312093.566709,9
1617312093.688237,9
1617312093.798235,9
1617312093.906090,10
1617312094.013218,10
1617312094.145784,10
1617312094.255623,10
1617312094.363492,11
1617312094.470483,12
1617312094.576695,11
1617312094.684454,11
1617312094.794897,14
1617312094.901385,13
1617312095.007175,19
1617312095.130725,18
1617312095.240357,14
1617312095.347817,13
1617312095.461698,11
1617312095.570034,12
1617312095.676254,12
1617312095.786663,13
1617312095.915884,13
1617312096.050256,12
1617312096.160692,14
1617312096.270072,13
1617312096.406506,13
1617312096.520456,13
1617312096.655137,13
1617312096.797675,14
1617312096.915756,14
1617312097.022226,14
1617312097.144336,15
1617312097.261922,14
1617312097.372365,15
1617312097.491769,14
1617312097.604036,14
1617312097.729846,14
1617312097.837381,14
1617312097.946273,15
1617312098.053875,16
1617312098.191995,15
1617312098.307874,17
1617312098.417595,17
1617312098.561304,16
1617312098.671227,19
1617312098.778886,18
1617312098.886770,15
1617312098.997202,14
1617312099.105119,14
1617312099.211656,9
1617312099.321894,5
1617312099.429390,7
1617312099.536452,6
1617312099.650781,6
1617312099.758449,9
1617312099.865997,10
1617312099.972478,7
1617312100.079443,7
1617312100.189153,7
1617312100.297829,7
1617312100.405061,7
1617312100.527974,8
1617312100.637050,8
1617312100.744824,9
1617312100.852302,8
1617312100.960050,9
1617312101.068560,8
1617312101.177623,8
1617312101.286177,9
1617312101.393435,10
1617312101.509696,9
1617312101.618193,10
1617312101.726240,9
1617312101.836381,9
1617312101.958759,9
1617312102.067199,10
1617312102.177695,10
1617312102.317525,11
1617312102.456199,11
1617312102.567615,10
1617312102.677738,10
1617312102.792989,10
1617312102.909402,12
1617312103.023311,14
1617312103.136459,20
1617312103.245392,19
1617312103.382070,12
1617312103.508343,13
1617312103.618634,13
1617312103.727723,12
1617312103.835609,12
1617312103.948894,13
1617312104.058968,13
1617312104.198965,13
1617312104.318214,12
1617312104.432043,14
1617312104.546419,13
1617312104.662206,13
1617312104.795992,13
1617312104.924997,13
1617312105.037812,15
1617312105.157504,14
1617312105.270356,15
1617312105.379592,15
1617312105.491106,15
1617312105.600187,14
1617312105.746011,14
1617312105.855223,14
1617312105.964939,14
1617312106.080585,16
1617312106.189657,15
1617312106.304215,15
1617312106.417419,17
1617312106.528797,16
1617312106.638847,15
1617312106.752342,19
1617312106.863728,18
1617312106.970587,17
1617312107.085846,16
1617312107.222584,15
1617312107.336246,16
1617312107.510225,16
1617312107.656359,17
1617312107.775435,18
1617312107.904519,18
1617312108.030847,18
1617312108.144957,17
1617312108.290558,19
1617312108.416566,18
1617312108.531219,20
1617312108.641338,18
1617312108.749894,17
1617312108.870648,17
1617312109.002774,17
1617312109.113063,18
1617312109.232425,18
1617312109.405378,17
1617312109.523991,18
1617312109.631015,18
1617312109.753837,18
1617312109.877696,19
1617312109.999987,18
1617312110.114847,18
1617312110.222323,18
1617312110.367966,19
1617312110.499505,19
1617312110.607504,19
1617312110.735758,19
1617312110.881538,19
1617312111.030615,18
1617312111.184689,19
1617312111.308045,19
1617312111.422352,19
1617312111.532271,18
1617312111.670419,20
1617312111.839577,16
1617312111.982166,17
1617312112.140594,6
1617312112.260409,9
1617312112.372206,4
1617312112.481501,3
1617312112.608115,2
1617312112.745784,4
1617312112.856947,4
1617312112.976292,4
1617312113.129340,3
1617312113.296065,5
1617312113.408529,5
1617312113.516818,5
1617312113.638171,6
1617312113.749251,5
1617312113.857328,5
1617312113.969464,6
1617312114.075787,6
1617312114.183789,5
1617312114.302449,6
1617312114.410024,6
1617312114.517014,8
1617312114.631915,7
1617312114.740534,8
1617312114.849185,7
1617312114.958281,7
1617312115.066301,8
1617312115.174439,8
1617312115.284204,8
1617312115.390429,8
1617312115.503852,10
1617312115.619378,10
1617312115.730586,9
1617312115.838170,8
1617312115.953126,10
1617312116.087045,9
1617312116.196911,16
1617312116.304696,14
1617312116.416103,10
1617312116.556792,11
1617312116.665182,10
1617312116.772694,9
1617312116.907108,10
1617312117.050657,11
1617312117.158960,12
1617312117.277913,11
1617312117.386855,10
1617312117.498833,10
1617312117.620337,10
1617312117.729676,11
1617312117.836261,13
1617312117.969233,12
1617312118.076568,12
1617312118.184059,13
1617312118.294431,13
1617312118.405299,12
1617312118.513377,11
1617312118.622181,12
1617312118.728809,12
1617312118.841956,13
1617312118.951835,13
1617312119.083449,13
1617312119.191777,13
1617312119.299553,13
1617312119.417077,14
1617312119.551385,15
1617312119.665418,13
1617312119.773538,20
1617312119.884532,19
1617312119.991770,18
1617312120.099346,13
1617312120.209521,13
1617312120.317242,8
1617312120.426631,5
1617312120.533288,7
1617312120.639907,6
1617312120.749127,6
1617312120.878357,6
1617312121.010446,6
1617312121.118369,7
1617312121.237764,7
1617312121.352724,7
1617312121.464765,7
1617312121.577180,7
1617312121.686957,7
1617312121.813590,7
1617312121.922009,8
1617312122.034568,8
1617312122.163297,7
1617312122.272608,8
1617312122.381550,8
1617312122.490446,8
1617312122.602710,9
1617312122.711994,10
1617312122.831768,10
1617312122.946180,10
1617312123.059484,9
1617312123.173539,9
1617312123.310788,9
1617312123.425857,9
1617312123.540204,11
1617312123.653774,12
1617312123.773475,11
1617312123.902112,13
1617312124.020475,10
1617312124.129553,17
1617312124.237644,17
1617312124.354972,12
1617312124.487620,12
1617312124.595957,12
1617312124.705714,12
1617312124.838957,11
1617312124.991120,12
1617312125.102014,12
1617312125.214642,12
1617312125.324756,12
1617312125.434216,13
1617312125.544662,13
1617312125.653261,13
1617312125.760822,14
1617312125.873329,12
1617312125.980746,12
1617312126.089125,13
1617312126.198641,13
1617312126.327962,13
1617312126.434755,15
1617312126.548963,14
1617312126.694236,15
1617312126.809709,14
1617312126.916880,15
1617312127.028422,15
1617312127.145195,14
1617312127.260113,14
1617312127.375336,15
1617312127.495775,16
1617312127.613196,16
1617312127.721749,19
1617312127.829051,20
1617312127.937608,15
1617312128.049331,13
1617312128.157625,13
1617312128.267238,10
1617312128.377509,6
1617312128.484520,6
1617312128.622008,6
1617312128.738637,8
1617312128.882136,8
1617312128.998289,7
1617312129.125349,7
1617312129.236869,7
1617312129.377012,7
1617312129.486012,7
1617312129.598188,8
1617312129.713406,8
1617312129.825230,8
1617312129.937522,8
1617312130.049801,9
1617312130.167568,7
1617312130.313061,8
1617312130.428655,9
1617312130.553449,9
1617312130.676763,10
1617312130.790466,11
1617312130.900096,10
1617312131.012103,9
1617312131.149154,10
1617312131.265052,10
1617312131.374954,11
1617312131.485677,10
1617312131.593495,10
1617312131.706461,11
1617312131.814605,12
1617312131.921962,12
1617312132.030395,13
1617312132.143232,13
1617312132.251010,20
1617312132.362313,16
1617312132.469654,14
1617312132.583346,13
1617312132.695761,11
1617312132.803235,11
1617312132.930604,12
1617312133.045564,13
1617312133.161507,13
1617312133.270608,13
1617312133.379980,13
1617312133.501314,13
1617312133.609659,13
1617312133.717388,12
1617312133.825278,12
1617312133.933354,14
1617312134.039117,14
1617312134.147554,14
1617312134.255849,14
1617312134.362306,15
1617312134.483659,14
1617312134.591383,14
1617312134.706148,14
1617312134.815607,14
1617312134.925708,15
1617312135.033410,15
1617312135.142289,15
1617312135.249117,16
1617312135.356488,15
1617312135.466168,16
1617312135.573713,17
1617312135.681914,15
1617312135.798680,18
1617312135.908065,18
1617312136.015976,17
1617312136.125422,16
1617312136.232676,15
1617312136.339472,16
1617312136.447952,16
1617312136.554976,17
1617312136.664448,19
1617312136.795365,18
1617312136.907359,19
1617312137.016350,18
1617312137.128586,18
1617312137.235340,17
1617312137.346686,18
1617312137.465584,17
1617312137.573577,18
1617312137.689002,18
1617312137.801902,18
1617312137.933148,18
1617312138.050748,18
1617312138.179948,17
1617312138.292805,17
1617312138.409459,17
1617312138.530400,17
1617312138.648129,18
1617312138.762853,18
1617312138.874068,20
1617312138.986355,20
1617312139.098262,20
1617312139.206572,19
1617312139.318549,19
1617312139.424859,19
1617312139.532899,19
1617312139.643256,18
1617312139.751601,18
1617312139.858225,18
1617312139.968127,18
1617312140.074892,20
1617312140.182278,20
1617312140.291329,19
1617312140.414499,19
1617312140.521061,19
1617312140.631258,19
1617312140.756831,19
1617312140.867247,18
1617312141.015053,19
1617312141.129399,11
1617312141.238234,8
1617312141.346184,8
1617312141.452747,8
1617312141.562226,8
1617312141.697531,10
1617312141.809612,11
1617312141.921725,12
1617312142.063479,12
1617312142.177020,11
1617312142.311349,10
1617312142.427510,9
1617312142.534704,11
1617312142.645387,11
1617312142.754203,11
1617312142.866992,11
1617312142.987196,11
1617312143.098428,11
1617312143.206186,10
1617312143.312847,12
1617312143.418900,10
1617312143.526427,12
1617312143.637784,11
1617312143.741568,11
1617312143.881072,12
1617312143.999540,13
1617312144.108355,12
1617312144.215325,12
1617312144.328975,12
1617312144.447392,12
1617312144.578477,12
1617312144.685890,13
1617312144.819096,13
1617312144.928522,13
1617312145.055270,12
1617312145.174088,13
1617312145.280708,15
1617312145.413910,14
1617312145.521568,19
1617312145.630669,19
1617312145.766058,16
1617312145.880928,15
1617312145.991118,15
1617312146.117297,15
1617312146.230377,15
1617312146.345356,15
1617312146.453946,16
1617312146.591991,15
1617312146.713034,17
1617312146.822198,19
1617312146.936666,16
1617312147.053523,16
1617312147.168389,16
1617312147.275971,15
1617312147.392289,15
1617312147.507595,15
1617312147.618075,16
1617312147.765992,16
1617312147.877993,16
1617312148.016726,16
1617312148.128506,18
1617312148.235508,17
1617312148.346277,17
1617312148.506553,16
1617312148.618970,16
1617312148.726137,16
1617312148.836153,16
1617312148.956311,17
1617312149.093544,17
1617312149.206233,17
1617312149.318702,17
1617312149.428954,17
1617312149.539129,18
1617312149.648819,17
1617312149.784291,17
1617312149.894417,17
1617312150.001637,18
1617312150.110185,18
1617312150.257561,19
1617312150.372539,18
1617312150.501717,18
1617312150.644450,18
1617312150.761199,18
1617312150.869960,19
1617312150.982299,12
1617312151.091716,7
1617312151.201007,8
1617312151.310215,10
1617312151.419462,9
1617312151.526179,10
1617312151.632978,9
1617312151.739152,12
1617312151.871297,11
1617312151.986149,12
1617312152.099136,12
1617312152.206195,11
1617312152.313847,9
1617312152.429007,9
1617312152.538337,10
1617312152.649284,9
1617312152.763289,9
1617312152.869870,9
1617312152.977423,11
1617312153.101723,10
1617312153.209770,10
1617312153.318344,10
1617312153.425808,10
1617312153.559478,11
1617312153.670944,12
1617312153.779432,12
1617312153.929303,11
1617312154.036823,11
1617312154.145396,13
1617312154.254275,12
1617312154.365861,12
1617312154.473678,13
1617312154.586338,12
1617312154.695539,12
1617312154.802831,13
1617312154.910358,13
1617312155.018043,13
1617312155.171848,14
1617312155.282282,14
1617312155.392825,19
1617312155.506311,20
1617312155.621078,17
1617312155.731044,13
1617312155.841740,14
1617312155.950564,5
1617312156.060365,5
1617312156.170938,5
1617312156.288931,5
1617312156.396218,6
1617312156.503054,6
1617312156.616988,6
1617312156.725964,6
1617312156.832955,6
1617312156.940897,6
1617312157.048669,7
1617312157.154937,7
1617312157.287653,8
1617312157.396531,7
1617312157.505821,7
1617312157.618985,7
1617312157.727544,8
1617312157.835659,8
1617312157.982068,9
1617312158.135617,7
1617312158.255743,8
1617312158.365870,8
1617312158.507675,11
1617312158.620188,10
1617312158.729339,10
1617312158.836147,10
1617312158.944873,17
1617312159.052636,16
1617312159.161109,11
1617312159.274193,11
1617312159.386021,10
1617312159.494606,10
1617312159.604253,12
1617312159.713574,11
1617312159.821237,11
1617312159.931383,11
1617312160.044043,11
1617312160.153827,11
1617312160.288331,11
1617312160.401724,12
1617312160.511166,11
1617312160.619157,12
1617312160.735147,12
1617312160.843084,13
1617312160.975779,12
1617312161.088759,12
1617312161.200676,11
1617312161.315548,12
1617312161.433168,13
1617312161.540717,14
1617312161.650864,13
1617312161.758276,13
1617312161.866511,13
1617312161.986438,13
1617312162.093351,13
1617312162.199387,13
1617312162.315194,16
1617312162.421877,13
1617312162.529434,19
1617312162.639110,18
1617312162.745797,16
1617312162.853934,13
1617312162.961102,11
1617312163.069299,8
1617312163.176631,5
1617312163.283983,6
1617312163.420708,7
1617312163.529501,7
1617312163.675598,6
1617312163.791524,6
1617312163.900384,7
1617312164.007220,7
1617312164.145775,8
1617312164.271810,8
1617312164.379992,7
1617312164.488126,7
1617312164.596825,8
1617312164.709657,8
1617312164.821779,8
1617312164.929639,8
1617312165.037934,9
1617312165.176179,9
1617312165.287890,9
1617312165.399237,9
1617312165.547704,9
1617312165.714476,8
1617312165.832607,11
1617312165.941959,10
1617312166.048293,11
1617312166.159191,9
1617312166.267722,10
1617312166.375591,10
1617312166.485104,10
1617312166.613710,11
1617312166.722905,11
1617312166.830436,18
1617312166.939148,19
1617312167.048393,12
1617312167.156856,14
1617312167.270881,12
1617312167.380905,12
1617312167.489267,12
1617312167.612680,12
1617312167.720927,11
1617312167.857675,12
1617312167.975281,12
1617312168.083957,12
1617312168.193057,13
1617312168.304238,13
1617312168.425655,12
1617312168.564163,13
1617312168.682178,13
1617312168.793794,13
1617312168.901475,13
1617312169.009808,14
1617312169.118890,14
1617312169.226871,14
1617312169.347782,15
1617312169.517747,14
1617312169.641261,15
1617312169.757584,14
1617312169.869575,15
1617312169.980174,15
1617312170.103610,15
1617312170.258731,16
1617312170.369652,17
1617312170.481174,19
1617312170.591274,18
1617312170.731356,13
1617312170.845086,13
1617312170.953211,10
1617312171.121785,5
1617312171.256662,6
1617312171.368161,6
1617312171.487268,9
1617312171.612145,8
1617312171.731090,9
1617312171.843289,7
1617312171.990132,8
1617312172.143539,7
1617312172.254993,8
1617312172.363528,9
1617312172.535931,7
1617312172.651406,8
1617312172.758133,8
1617312172.900147,9
1617312173.056615,9
1617312173.171251,9
1617312173.285747,9
1617312173.427673,10
1617312173.539585,10
1617312173.661709,10
1617312173.779232,9
1617312173.919584,10
1617312174.075790,11
1617312174.186103,11
1617312174.306288,11
1617312174.419630,10
1617312174.536464,10
1617312174.648700,10
1617312174.761684,12
1617312174.878156,12
1617312174.996454,19
1617312175.109026,18
1617312175.226859,14
1617312175.353280,13
1617312175.500971,12
1617312175.618303,13
1617312175.730327,12
1617312175.845000,13
1617312175.951753,13
1617312176.134800,13
1617312176.244790,13
1617312176.358931,13
1617312176.467790,13
1617312176.577881,14
1617312176.689004,12
1617312176.797008,13
1617312176.910813,14
1617312177.019004,14
1617312177.127408,15
1617312177.235628,14
1617312177.343009,15
1617312177.460666,14
1617312177.576808,14
1617312177.685278,14
1617312177.827383,14
1617312177.939064,15
1617312178.094558,15
1617312178.206348,15
1617312178.320401,18
1617312178.459298,15
1617312178.570704,18
1617312178.679248,18
1617312178.794504,16
1617312178.900277,13
1617312179.014840,13
1617312179.125985,10
1617312179.232184,6
1617312179.341964,6
1617312179.480950,7
1617312179.590907,7
1617312179.753428,7
1617312179.865611,9
1617312179.985288,7
1617312180.095343,7
1617312180.233919,7
1617312180.372107,7
1617312180.484265,9
1617312180.598173,9
1617312180.714380,8
1617312180.825341,9
1617312180.936215,8
1617312181.045753,8
1617312181.154345,8
1617312181.262587,9
1617312181.373371,9
1617312181.481005,9
1617312181.589765,10
1617312181.700648,11
1617312181.808329,10
1617312181.916440,10
1617312182.024242,11
1617312182.132155,11
1617312182.241380,11
1617312182.351698,11
1617312182.462179,11
1617312182.574401,10
1617312182.681722,10
1617312182.790691,11
1617312182.923655,13
1617312183.039106,12
1617312183.148702,19
1617312183.261184,18
1617312183.375425,13
1617312183.488192,13
1617312183.602531,11
1617312183.714221,11
1617312183.822558,11
1617312183.960938,13
1617312184.074083,13
1617312184.186047,13
1617312184.315089,13
1617312184.425186,14
1617312184.571479,14
1617312184.679496,13
1617312184.794450,14
1617312184.911985,13
1617312185.054893,14
1617312185.169637,15
1617312185.309789,14
1617312185.422117,14
1617312185.566125,14
1617312185.712167,13
1617312185.821559,14
1617312185.935602,14
1617312186.046442,16
1617312186.185966,15
1617312186.310997,15
1617312186.420448,17
1617312186.563550,17
1617312186.675615,19
1617312186.785518,18
1617312186.897840,16
1617312187.011339,15
1617312187.123217,16
1617312187.230745,17
1617312187.339702,16
1617312187.466671,16
1617312187.575763,18
1617312187.688418,18
1617312187.800222,17
1617312187.923056,18
1617312188.030840,19
1617312188.138230,19
1617312188.253200,19
1617312188.364006,18
1617312188.473732,17
1617312188.582595,17
1617312188.695697,16
1617312188.804301,12
1617312188.916849,7
1617312189.033243,7
1617312189.142388,8
1617312189.250872,7
1617312189.358405,7
1617312189.465361,9
1617312189.572838,8
1617312189.684961,8
1617312189.792210,9
1617312189.905242,9
1617312190.011544,8
1617312190.121034,10
1617312190.230506,10
1617312190.339906,10
1617312190.448204,10
1617312190.560818,11
1617312190.713312,9
1617312190.826938,9
1617312190.935361,9
1617312191.045462,11
1617312191.157856,11
1617312191.270507,11
1617312191.390956,11
1617312191.504232,13
1617312191.612555,12
1617312191.722595,18
1617312191.835243,18
1617312191.944642,11
1617312192.054608,11
1617312192.171897,5
1617312192.285910,4
1617312192.394289,5
1617312192.502864,4
1617312192.615928,5
1617312192.746351,5
1617312192.856787,4
1617312192.999242,5
1617312193.109404,6
1617312193.218185,6
1617312193.325920,6
1617312193.435828,7
1617312193.545745,7
1617312193.653340,6
1617312193.760052,6
1617312193.874529,6
1617312193.984286,7
1617312194.102520,9
1617312194.212987,8
1617312194.320443,7
1617312194.429362,7
1617312194.537856,9
1617312194.685162,8
1617312194.796005,9
1617312194.969639,7
1617312195.102555,9
1617312195.211771,9
1617312195.331218,18
1617312195.460489,11
1617312195.569341,12
1617312195.702949,9
1617312195.811742,9
1617312195.920566,9
1617312196.073215,9
1617312196.220637,10
1617312196.353615,11
1617312196.466562,12
1617312196.576622,11
1617312196.688247,11
1617312196.800480,11
1617312196.910595,11
1617312197.018878,11
1617312197.130899,12
1617312197.238041,11
1617312197.355598,11
1617312197.466059,12
1617312197.574717,12
1617312197.682418,13
1617312197.789902,12
1617312197.899843,13
1617312198.009168,14
1617312198.123458,13
1617312198.229441,13
1617312198.336827,13
1617312198.457390,13
1617312198.563873,15
1617312198.669759,13
1617312198.779257,19
1617312198.887504,19
1617312198.998126,17
1617312199.108011,17
1617312199.221235,15
1617312199.329942,15
1617312199.467318,14
1617312199.577694,15
1617312199.689186,14
1617312199.798181,15
1617312199.907394,14
1617312200.017462,14
1617312200.124995,15
1617312200.242851,15
1617312200.375098,15
1617312200.514043,15
1617312200.627843,15
1617312200.763057,15
1617312200.872283,16
1617312200.985184,16
1617312201.094262,16
1617312201.205378,16
1617312201.319380,15
1617312201.428451,16
1617312201.536940,17
1617312201.645952,16
1617312201.752178,17
1617312201.859989,16
1617312201.968897,16
1617312202.075439,17
1617312202.182783,17
1617312202.290911,18
1617312202.399382,20
1617312202.552141,20
1617312202.662653,18
1617312202.774133,15
1617312202.882930,15
1617312202.991599,15
1617312203.108048,11
1617312203.219022,7
1617312203.330846,8
1617312203.440415,7
1617312203.547105,9
1617312203.654478,12
1617312203.763763,10
1617312203.870769,11
1617312203.982271,8
1617312204.115509,8
1617312204.229286,9
1617312204.363502,8
1617312204.476335,9
1617312204.583898,10
1617312204.692788,10
1617312204.800940,10
1617312204.911961,11
1617312205.043276,10
1617312205.153364,10
1617312205.268371,9
1617312205.376341,10
1617312205.504566,10
1617312205.623402,11
1617312205.730923,11
1617312205.839502,11
1617312205.949700,12
1617312206.068328,10
1617312206.176897,12
1617312206.285017,11
1617312206.393549,11
1617312206.501544,12
1617312206.610241,11
1617312206.718195,12
1617312206.826584,11
1617312206.942954,13
1617312207.049146,12
1617312207.184372,20
1617312207.351780,14
1617312207.471350,14
1617312207.608700,12
1617312207.732120,5
1617312207.842922,4
1617312207.960531,6
1617312208.070509,6
1617312208.178951,5
1617312208.286320,6
1617312208.395964,7
1617312208.506835,6
1617312208.616098,6
1617312208.725302,6
1617312208.832784,7
1617312208.941785,7
1617312209.048386,8
1617312209.156356,7
1617312209.274272,8
1617312209.381460,7
1617312209.498112,7
1617312209.606276,8
1617312209.713062,9
1617312209.821714,8
1617312209.931903,8
1617312210.044671,8
1617312210.171322,8
1617312210.337661,9
1617312210.445718,11
1617312210.554084,11
1617312210.672598,16
1617312210.834388,13
1617312210.943433,11
1617312211.056503,9
1617312211.165997,10
1617312211.275713,10
1617312211.386734,10
1617312211.501607,10
1617312211.612315,10
1617312211.725457,10
1617312211.834304,11
1617312211.957584,11
1617312212.072076,12
1617312212.181553,13
1617312212.294563,12
1617312212.407239,11
1617312212.517745,11
1617312212.624813,11
1617312212.771720,12
1617312212.880161,12
1617312212.988585,12
1617312213.096918,14
1617312213.221726,13
1617312213.330071,14
1617312213.439163,12
1617312213.549280,12
1617312213.696710,13
1617312213.806581,13
1617312213.925522,13
1617312214.032941,14
1617312214.148787,13
1617312214.261486,19
1617312214.373460,18
1617312214.479115,17
1617312214.586827,14
1617312214.694698,13
1617312214.801540,13
1617312214.908763,7
1617312215.015851,5
1617312215.122948,7
1617312215.233983,6
1617312215.341522,8
1617312215.448906,8
1617312215.558152,6
1617312215.670478,5
1617312215.782508,6
1617312215.896084,7
1617312216.005794,7
1617312216.116450,7
1617312216.251107,7
1617312216.361825,8
1617312216.502578,8
1617312216.610932,9
1617312216.718761,8
1617312216.828522,9
1617312216.960525,8
1617312217.070723,9
1617312217.187309,9
1617312217.299466,10
1617312217.407425,9
1617312217.515666,9
1617312217.625441,9
1617312217.752567,10
1617312217.859051,10
1617312218.000055,10
1617312218.112388,11
1617312218.230655,10
1617312218.344494,10
1617312218.454556,11
1617312218.564564,12
1617312218.689899,18
1617312218.798410,19
1617312218.905459,13
1617312219.034894,13
1617312219.160542,11
1617312219.268053,11
1617312219.376704,11
1617312219.485617,13
1617312219.593473,12
1617312219.699902,12
1617312219.811129,13
1617312219.919039,12
1617312220.026794,13
1617312220.137820,13
1617312220.252595,14
1617312220.362202,14
1617312220.513873,13
1617312220.621861,14
1617312220.731167,13
1617312220.838243,14
1617312220.947390,14
1617312221.055029,14
1617312221.162244,15
1617312221.270697,14
1617312221.378853,14
1617312221.485754,14
1617312221.595278,16
1617312221.714630,14
1617312221.822044,15
1617312221.939069,15
1617312222.081080,15
1617312222.194402,15
1617312222.303665,19
1617312222.414697,19
1617312222.524227,16
1617312222.632367,15
1617312222.742264,14
1617312222.853316,14
1617312222.959495,11
1617312223.068407,6
1617312223.178877,6
1617312223.315874,8
1617312223.422862,7
1617312223.532734,6
1617312223.648553,7
1617312223.763730,7
1617312223.874145,7
1617312223.998437,7
1617312224.113713,7
1617312224.224281,7
1617312224.335229,9
1617312224.479888,8
1617312224.600516,8
1617312224.714039,8
1617312224.838270,9
1617312224.950706,10
1617312225.059577,10
1617312225.172155,10
1617312225.284227,9
1617312225.398769,9
1617312225.509015,9
1617312225.617423,10
1617312225.725261,9
1617312225.832128,10
1617312225.939299,10
1617312226.064233,10
1617312226.188715,11
1617312226.319618,11
1617312226.434238,11
1617312226.541588,11
1617312226.649414,12
1617312226.760717,11
1617312226.868736,19
1617312226.976298,16
1617312227.084049,13
1617312227.220751,14
1617312227.331486,12
1617312227.447972,12
1617312227.567644,12
1617312227.681323,12
1617312227.801189,13
1617312227.919184,12
1617312228.063958,13
1617312228.175840,14
1617312228.290034,14
1617312228.401889,13
1617312228.536211,12
1617312228.690256,13
1617312228.801253,14
1617312228.916724,14
1617312229.029120,14
1617312229.180545,14
1617312229.288363,14
1617312229.395657,14
1617312229.536994,15
1617312229.650638,14
1617312229.766443,15
1617312229.881052,16
1617312229.998778,15
1617312230.149307,17
1617312230.295168,16
1617312230.413333,15
1617312230.525475,18
1617312230.668315,19
1617312230.829222,15
1617312230.942727,15
1617312231.084122,8
1617312231.250852,5
1617312231.370074,6
1617312231.483979,9
1617312231.611981,8
1617312231.728514,9
1617312231.927388,6
1617312232.061089,7
1617312232.190857,8
1617312232.302119,7
1617312232.415413,8
1617312232.543117,8
1617312232.657244,8
1617312232.767771,8
1617312232.878353,8
1617312232.990912,9
1617312233.109140,9
1617312233.217100,10
1617312233.326730,10
1617312233.434058,9
1617312233.540654,10
1617312233.652040,9
1617312233.760237,9
1617312233.867180,10
1617312233.980660,11
1617312234.129197,11
1617312234.245151,11
1617312234.351967,11
1617312234.511242,10
1617312234.625042,10
1617312234.732402,11
1617312234.876521,13
1617312234.987637,14
1617312235.153819,18
1617312235.261662,17
1617312235.376470,14
1617312235.497256,13
1617312235.618868,13
1617312235.782683,12
1617312235.898231,13
1617312236.041824,13
1617312236.151966,12
1617312236.271786,14
1617312236.382681,14
1617312236.525368,13
1617312236.639621,13
1617312236.750780,13
1617312236.891333,14
1617312237.028190,14
1617312237.139031,14
1617312237.280273,14
1617312237.393007,14
1617312237.513641,14
1617312237.634995,15
1617312237.748517,15
1617312237.863647,14
1617312237.979523,15
1617312238.091037,15
1617312238.199533,17
1617312238.321026,17
1617312238.428209,17
1617312238.535406,16
1617312238.673428,16
1617312238.788257,19
1617312238.902235,17
1617312239.012075,14
1617312239.120812,15
1617312239.230266,14
1617312239.338482,7
1617312239.448760,6
1617312239.556892,7
1617312239.668274,6
1617312239.776827,8
1617312239.908068,8
1617312240.019617,8
1617312240.154220,7
1617312240.261895,7
1617312240.374386,7
1617312240.546629,8
1617312240.697870,8
1617312240.807516,8
1617312240.951525,7
1617312241.063552,8
1617312241.206188,8
1617312241.315613,9
1617312241.441266,9
1617312241.556832,9
1617312241.667155,10
1617312241.777115,10
1617312241.884816,10
1617312241.991229,10
1617312242.107505,11
1617312242.215513,10
1617312242.322960,11
1617312242.433456,11
1617312242.541219,10
1617312242.648388,11
1617312242.761565,11
1617312242.873800,10
1617312242.989087,12
1617312243.097012,13
1617312243.205000,19
1617312243.314170,19
1617312243.428067,14
1617312243.535598,13
1617312243.647239,13
1617312243.756890,12
1617312243.887481,11
1617312244.009996,12
1617312244.118228,14
1617312244.229067,13
1617312244.338544,13
1617312244.447573,13
1617312244.557362,14
1617312244.667837,14
1617312244.777847,13
1617312244.885937,13
1617312244.994608,13
1617312245.104814,15
1617312245.216009,13
1617312245.329919,14
1617312245.437568,14
1617312245.546430,15
1617312245.653392,14
1617312245.759689,15
1617312245.870878,15
1617312245.978433,14
1617312246.097865,15
1617312246.211901,16
1617312246.326136,16
1617312246.458498,17
1617312246.564131,16
1617312246.709157,16
1617312246.820547,20
1617312246.932009,18
1617312247.041851,19
1617312247.148964,15
1617312247.257219,14
1617312247.366262,12
1617312247.477606,7
1617312247.597364,6
1617312247.705582,6
1617312247.812298,8
1617312247.963544,8
1617312248.073836,9
1617312248.195221,8
1617312248.307020,7
1617312248.416186,8
1617312248.551783,7
1617312248.665897,8
1617312248.775232,8
1617312248.912040,8
1617312249.024747,8
1617312249.169787,8
1617312249.284778,9
1617312249.397917,9
1617312249.512243,9
1617312249.648648,10
1617312249.758611,9
1617312249.870631,9
1617312249.980252,9
1617312250.088325,9
1617312250.196562,9
1617312250.304747,11
1617312250.411708,11
1617312250.521762,11
1617312250.629129,11
1617312250.736760,11
1617312250.847223,11
1617312250.977167,11
1617312251.095046,10
1617312251.203266,12
1617312251.314439,11
1617312251.423045,19
1617312251.531452,17
1617312251.647063,14
1617312251.753124,15
1617312251.862653,12
1617312251.973545,12
1617312252.079667,13
1617312252.187728,12
1617312252.335733,14
1617312252.446960,14
1617312252.555362,13
1617312252.664069,13
1617312252.773787,14
1617312252.879995,13
1617312252.987746,14
1617312253.100221,14
1617312253.213432,15
1617312253.319985,14
1617312253.438102,15
1617312253.549160,15
1617312253.658015,14
1617312253.801924,14
1617312253.911459,15
1617312254.028068,15
1617312254.142974,14
1617312254.264063,14
1617312254.374738,15
1617312254.489650,15
1617312254.604840,15
1617312254.726990,16
1617312254.837306,17
1617312254.948136,17
1617312255.082670,18
1617312255.193698,18
1617312255.310499,15
1617312255.422676,15
1617312255.532350,12
1617312255.642698,6
1617312255.752892,6
1617312255.871365,7
1617312255.979897,7
1617312256.088443,7
1617312256.207585,8
1617312256.321183,1
1617312256.446130,0
1617312256.555704,0
1617312256.668093,0
1617312256.807695,1
1617312256.932792,0
1617312257.047181,0
1617312257.157073,0
1617312257.267659,0
1617312257.379095,0
1617312257.504503,1
1617312257.612712,1
1617312257.729953,0
1617312257.840918,0
1617312257.949570,0
1617312258.057395,0
1617312258.165872,0
1617312258.274616,0
1617312258.388925,0
1617312258.514378,0
1617312258.650676,0
1617312258.765183,0
1617312258.909726,0
1617312259.021687,0
1617312259.152127,0
1617312259.271030,0
